9129
2704
5743
9564
9374
6177
8770
8219
1796
7512
1855
8650
3835
1236
5867
5934
286
141
5857
4131
5194
626
4027
6915
9550
7791
9553
2964
1483
3046
4960
1448
8795
2741
2713
881
3738
838
7719
2532
6709
2752
5901
5962
9087
6696
4747
7343
6369
2165
8120
4755
8837
1875
8141
8401
7699
8371
187
8014
1153
993
6066
4495
3794
8173
2826
6603
3695
8678
9360
1738
7105
3319
960
9075
4019
5837
1265
3529
7266
1905
3197
7536
2266
5806
873
8166
3599
936
5283
3173
1179
1627
2060
6396
5442
7338
2848
9012
4957
4794
4856
5439
7142
9482
4449
9503
7226
956
6055
2954
9127
7210
9332
805
9948
962
3711
867
1128
5977
262
8754
9678
1115
2407
2369
7027
6459
6021
5957
5732
5643
9856
2882
5912
3486
9486
1854
3024
4802
4909
8353
1933
9063
1469
2962
242
7510
5025
1570
1971
5672
9298
5002
6375
7860
4041
1272
9261
1448
1242
3471
6580
4935
9601
5356
196
5441
1211
7517
1619
6670
8844
5390
1312
2234
7828
5994
4797
2201
2867
7933
3438
7869
7719
740
1175
5751
9707
5515
7461
1644
8161
7386
7991
2060
9569
8934
3992
3341
165
7288
4971
6624
2222
4990
9497
2842
192
4945
9210
3645
9357
1370
9141
103
2269
2005
5549
8966
9250
4270
6005
8202
9035
9878
3384
5747
607
734
3970
4419
5949
1429
6821
5731
9704
7670
172
6355
4053
477
6901
236
4119
7930
7635
4332
6524
7628
8305
1981
3121
6906
1270
8001
785
2515
8820
2886
2301
1895
9769
4386
103
4831
3835
6301
7717
7900
7861
2987
5610
5567
5947
3462
4108
4357
7998
973
2822
7509
8451
3490
8744
5212
9508
6680
7685
2581
4816
4595
100
9774
6137
4927
6842
7829
3535
7456
9718
1816
6567
2280
9903
3578
9243
745
1375
9314
1483
1563
4567
4095
9756
1483
5277
3739
3118
547
5588
4861
634
716
1367
190
482
9757
5791
912
9194
8462
1692
2568
218
5609
6171
4580
3876
8593
9936
1063
8435
5905
3665
7605
6559
202
8653
8926
7979
9500
5538
1318
2547
5495
1363
6914
7455
2301
564
5979
3670
3426
1913
8980
6026
1008
8909
4889
882
727
9448
1785
8339
9651
9535
6726
1941
6469
8881
5060
7803
1926
8828
1937
7385
7794
4551
1499
9695
9765
920
3747
8792
7163
2094
1346
5348
9901
1202
737
7893
1988
7961
2929
6326
2694
3177
9538
7053
7304
9229
8150
8860
2915
5918
834
4016
5382
5753
3158
5084
8014
2227
3067
4527
3409
3251
2037
3318
5501
4885
3145
1697
6466
7839
9309
1738
6878
4425
151
1473
8615
12
8305
7318
1420
8984
1093
4306
1547
8053
9787
8111
3686
6906
2333
4383
2232
2740
5476
1422
8924
5663
9731
5173
3704
6050
3425
4371
1527
1330
2081
3741
4785
3737
7245
6568
748
6584
6922
9141
4000
9783
7478
1247
6606
9577
3905
6109
9475
7263
3662
7580
4839
4139
9462
5396
9780
8666
9119
2258
4920
9985
6403
7528
8252
1800
9893
5068
1255
1703
8470
7988
8002
1596
5391
6109
4828
2756
5723
3687
5947
4179
7638
202
6457
1930
9323
9803
6208
2863
8370
1816
2606
7586
7443
4908
8544
7851
4285
2904
2788
6242
8405
78
3344
4777
5540
8209
36
317
5594
3841
2159
1017
2489
6567
9195
3517
2115
8128
7855
4639
7926
3773
5612
4423
8907
6458
6467
2881
3832
5627
4567
1644
8037
2078
360
3891
1429
4245
7282
439
5457
3028
1306
9983
5346
1594
8033
7291
9358
9049
7461
4775
2843
4683
5356
1884
6005
8112
9239
5394
7932
8876
2264
3593
6100
7685
3921
8083
6467
4480
8528
7141
3031
9886
6759
1258
2427
7754
1544
6784
8065
5128
6948
6159
7075
4306
3874
1401
9248
441
1549
4265
2866
5691
9640
5926
3390
3082
3531
3213
8029
92
237
8219
4940
8563
6097
6629
1585
8535
379
6106
3734
5605
8945
1152
1162
3068
5935
4595
4706
9674
5846
6571
4164
7974
3814
2893
2936
1631
67
6712
6609
6596
3731
8455
4510
1226
4686
7309
9854
8472
475
9002
5899
8146
2726
4855
8419
8656
7088
6772
6549
5713
445
1042
8539
1983
5681
8389
5293
4570
4132
8206
6183
2118
9345
9133
781
2632
9865
4783
2235
8270
8529
7099
3671
1506
8450
8984
5141
8540
8242
7512
4875
9990
2887
7096
5849
5154
2149
6862
6606
5103
3156
6346
8723
7835
2900
2939
3900
9469
6023
905
1044
6831
1920
1272
2041
6371
5804
7868
6718
9198
9626
65
7042
3715
105
7091
6104
5230
9014
3482
7980
7078
7400
9930
9197
3302
2217
5610
5244
3375
7283
6428
1587
4134
5230
8812
5241
5292
9933
3428
3956
583
2685
3683
8797
6543
6843
7395
7168
2664
2356
3102
4064
3931
6193
9445
8811
1087
8959
3740
7657
4846
9650
1033
2274
615
2204
1359
1592
1026
961
3596
3840
4122
1176
1430
5073
3935
5720
9571
6881
3081
6369
6283
3623
3914
3322
3435
603
7389
6283
3375
6167
305
17
9202
5304
6906
4189
4415
2989
5715
3469
8400
1649
1780
6081
8020
7626
2843
4223
4186
8266
4352
7016
7365
9337
9783
6233
1697
5520
4325
7065
5605
4790
3570
2988
4702
6101
2674
9669
7470
2875
4800
221
7759
9019
5922
9848
8802
3212
8360
2930
194
6094
2978
9582
965
5251
5389
1869
4015
7183
7576
9352
90
9267
4219
1767
7689
9494
7471
1611
5212
2429
3226
7020
1295
6707
4653
8866
1785
9971
8572
5908
3373
3785
8745
1546
6283
3219
6893
9402
5561
3293
2838
8997
222
6329
55
6741
8230
1064
9288
3246
7154
3050
5006
1385
2583
2233
1621
7705
3156
28
2234
3688
794
5323
6875
3582
3021
7909
8246
1370
8187
6053
801
1960
248
8814
2156
3132
974
1322
2602
3763
9494
4616
4184
2190
8955
6793
3340
8071
1676
1874
1057
9343
3373
2110
5153
2795
9749
9291
2862
4905
4803
4366
1582
5301
7523
4549
9483
683
3813
7904
3012
8346
2862
2864
2685
5125
5837
8365
2290
3622
4747
2409
1678
2982
5469
1649
8989
4739
8847
584
9299
1612
5454
5363
3179
9372
3760
1187
6846
6689
3515
711
2634
1726
6441
9368
9067
2441
7573
1454
3005
9042
5714
5517
15
755
33
2092
1224
9147
225
7539
4082
9557
4509
4641
7292
4701
7269
9280
6028
1497
8894
7387
5537
8088
5051
6145
510
2412
5516
2974
7503
814
6183
6800
6311
4624
8862
1009
7719
4386
7405
2081
9229
4241
7414
5025
3632
6629
3444
8361
9690
9544
6462
5783
5020
3249
7756
7159
3454
9738
9318
7368
2408
7743
2768
1533
8702
7587
8395
8167
49
893
1294
1941
5650
448
3672
4854
5423
4375
5319
4976
536
8443
2792
3915
2231
8055
8155
2450
7019
4582
9702
8870
7618
3855
6493
19
7551
1534
9159
2201
4289
6289
1043
1140
1255
2550
9186
1417
3490
9930
8818
5463
1985
1050
9909
3821
5590
607
6455
6600
4475
2833
711
7966
617
6070
2854
6393
3326
439
1192
9303
7802
3577
4252
8013
6012
4497
4729
102
7805
6967
3142
5732
1697
3230
3461
856
6643
3567
1517
232
3019
892
6928
2181
4871
8951
821
3447
4201
2227
7890
2544
7185
9861
9375
4206
4613
8705
8151
6371
6747
2474
5904
1867
9312
5682
2043
2755
1038
6549
4874
5320
4334
5238
99
9916
9684
4605
289
126
1989
4619
8540
3304
8590
9901
8690
7700
447
3017
1455
9322
6665
7017
5518
1632
5822
8228
8676
6075
755
4598
5505
4228
5214
9234
2609
8674
7025
9609
6472
3181
1643
5329
9814
6655
4451
2639
840
9796
5123
6271
7021
4203
8659
8242
1364
3823
9357
348
258
1969
4915
4549
3455
5336
9746
5885
8526
8150
2820
5678
9702
9196
8578
8528
9413
5564
9210
2913
9953
787
4680
2799
476
8029
7508
8258
4616
8460
8945
8217
9642
2634
5342
2988
6980
2395
2730
1598
4874
7715
9478
8495
3818
5771
5562
3480
5136
9879
6425
934
5808
5364
8936
1472
6044
4845
5633
81
9185
2550
8351
304
2570
5410
9747
8675
723
9711
2448
9004
9509
3857
2929
8504
4678
1676
5441
9095
5226
7407
5152
5059
3299
6317
9510
3952
9421
9637
3110
5643
3862
3498
1065
3660
3123
8861
8106
200
1785
6534
9756
3082
9202
727
9268
7784
7857
1007
6872
1722
5794
9608
5947
5543
1331
9616
384
5864
7860
7067
5516
7130
3888
704
7289
8081
7728
3460
4068
8710
8268
25
7610
7975
7295
7448
388
6606
8337
7216
9121
6883
480
3920
2300
6222
1663
6736
675
8227
529
9924
6409
5357
2603
1510
4264
6316
5881
8222
2034
3899
4257
9114
5798
905
5397
3884
555
5731
4102
9180
6681
4976
3255
7140
8380
5938
1079
8461
460
2249
3888
3197
2189
3997
4305
5926
1681
5476
7436
9989
345
1085
8839
9005
3133
3163
1790
7501
3870
3355
9735
7286
2505
6093
9439
1718
6875
9596
8444
6168
3845
4282
3777
5749
8786
7922
5454
8609
5924
6230
3066
9937
7260
8088
7201
8174
5553
9506
8744
3541
1161
9281
2944
5278
966
8221
3647
9814
6076
9941
9290
6159
2912
5505
446
8823
3702
4202
3769
4289
4532
8187
2931
9880
403
447
3535
916
4987
926
5711
6045
3697
7768
2066
5129
5229
2145
6503
8837
5078
9861
8842
5849
9167
8534
3433
5469
9654
243
1967
3977
3608
2782
9296
7654
8483
7342
2212
6402
5011
9830
4340
7112
2538
1510
1488
4406
5211
6203
8951
9604
4880
3801
340
8533
4643
2601
4871
9905
3484
2392
9465
5945
8267
8484
1000
7034
3370
3216
3614
8449
8070
6294
1910
3237
2628
3984
5469
2307
6595
4093
1041
6432
6207
6240
661
9025
2831
4148
661
7700
515
7923
5808
5869
7787
8514
957
1717
1083
1871
83
3150
6806
1943
2015
7476
4032
2710
6718
4696
5696
3435
7674
8704
619
8890
5576
1750
3456
8680
8680
2242
8782
7118
3374
4988
2957
7406
7730
8761
8595
3658
3667
3248
928
7945
2847
7733
8936
7649
3841
1066
9617
3801
4624
8275
8723
9561
1555
7385
9544
1369
1705
6369
7833
2968
5897
1119
6147
549
591
6670
7277
2923
3543
3315
4857
1714
3543
3170
2416
6716
2379
5850
9082
1106
4587
6647
3275
8547
6818
4616
1518
6157
2452
7004
7897
471
7121
9589
5069
684
5963
6490
2986
6073
8959
8471
3179
47
4201
4405
5509
9497
6768
5536
227
3669
3262
1775
9424
5520
763
8875
8739
596
3443
8527
7812
7508
9425
842
5328
3284
1990
4689
9938
4190
9114
5338
5677
1160
9943
9895
3854
6062
8474
7249
8139
9294
3766
5345
1794
6838
1464
5235
212
2369
8034
2522
1705
3110
3279
1180
1809
3476
4504
600
6478
1666
5783
1033
5373
7004
4711
4005
6632
1104
4778
6197
5056
2884
9907
9591
1833
7947
3791
4075
6066
4046
2846
9476
5543
4574
3396
5263
4667
4506
1789
2252
3738
7241
669
9595
8842
4667
3467
9222
8059
3220
7381
3549
2770
38
5719
9713
2305
5102
8803
3872
537
5309
7365
5621
202
2958
8773
9800
3740
1602
7603
3797
7351
7947
14
3963
6597
8576
5626
5382
3029
7990
5284
8313
482
4347
7226
1390
8750
5975
6742
1056
4938
6267
3846
5688
9750
562
2648
5607
3874
7575
7838
9830
1514
7495
893
3669
2210
596
3004
4542
3610
1426
2611
2297
810
5936
2682
3706
8925
4100
7135
7911
1224
3482
2812
8763
8750
2801
901
3493
7001
4789
8793
6192
1040
4851
6513
5687
1181
9607
8495
8908
3759
1851
8335
6391
7274
3419
7201
6743
8136
1448
6975
7346
7376
6741
9776
4668
4691
5411
1383
522
5671
1252
443
6493
8057
9837
2916
710
6417
7139
1549
1032
4222
4866
6570
8640
7525
1804
8136
2624
7148
2908
1412
2932
4539
177
5397
4636
5097
8794
2190
3609
6318
2674
2657
7881
4099
655
5688
5440
5474
4290
2922
5484
6039
7406
5524
2717
3243
1429
3963
6418
8171
4561
2623
3511
6785
6374
5747
8976
5078
5857
3711
5489
7055
3267
4490
3916
6639
8308
5845
2683
4115
2868
7359
7451
6912
2698
3526
4019
228
537
688
3072
2999
5524
9073
4185
8106
4630
3654
1976
4330
4877
960
6615
1639
3652
7776
357
7457
8948
1702
363
6438
1091
5539
7718
6097
2434
4467
4375
5996
5116
7755
9276
191
6320
1493
1207
808
6014
783
8321
5683
9881
9281
8094
5901
2974
5740
1487
1719
449
2297
2008
2707
6454
1927
5877
6521
3302
1043
4727
2947
9718
6640
218
6827
4685
8444
6198
5152
4082
9273
4519
8040
4396
1969
2092
6099
7432
352
1683
3431
2711
115
350
5245
5543
6075
9116
7289
303
3719
9304
1303
6937
9440
4437
1768
9064
6978
6764
4335
8156
518
1912
262
4502
352
5779
5174
897
6408
643
1921
9655
448
3285
3476
8033
1935
805
6365
7946
4280
8033
2539
2089
1810
3938
1972
7455
7739
4061
8176
6851
7335
6854
8088
2893
1246
5354
3808
5202
1677
2633
8707
7045
9114
8000
7757
9211
7250
4827
1501
2026
3551
1130
4845
4376
754
81
9857
4155
1991
5915
7894
2530
5869
64
7072
9111
9919
7733
2581
2449
2253
5959
4869
8459
5132
1150
5118
6205
3086
3364
859
1113
7
2321
4948
5910
2106
5946
5561
8952
2856
693
2256
2256
3695
227
8324
5170
644
658
7205
875
8159
6702
4773
551
8132
4315
7431
7850
5211
9688
5653
8992
3554
9538
1111
3157
5079
8411
1699
1391
130
9078
8647
7140
6012
5285
3003
3307
3515
6147
73
5348
4781
3745
7970
6165
1925
1687
8547
9024
2648
9987
3980
5329
3132
485
6573
750
8057
5504
1505
9795
4304
9829
6764
3390
2361
9523
3782
8677
9546
5134
9954
5989
8142
5501
4942
3326
1551
6999
288
6167
2666
15
2245
5807
7817
9950
5643
3833
7331
7736
9593
8906
5794
1147
2172
3241
6993
5850
8136
8764
8806
9429
2488
2175
3540
7251
2289
2449
7225
2453
1533
9597
6749
5796
3516
1955
7525
3507
4128
7574
4917
4286
1426
8380
9425
8655
1413
1966
4609
5918
1965
6644
7241
5200
2956
1806
4303
7989
878
2501
19
4273
719
6665
3697
4105
8410
3034
8817
7705
7473
784
373
4775
4569
5459
3058
9149
1884
3852
2082
4934
926
2719
7911
2213
4214
7371
8190
1381
7248
6669
3644
5396
404
9502
7902
9295
57
3106
6239
9410
4616
8685
2850
904
2212
7597
6450
1796
1652
4209
4878
8586
3370
3968
8472
6475
9668
8656
7387
8647
3328
1696
3301
5731
3359
9454
2802
5862
258
8343
5965
2355
8988
4137
6883
6199
3185
8824
5498
1410
9614
2858
416
8513
2841
6358
7616
8636
8719
6127
5648
9153
2115
4923
6048
8362
6632
3882
116
6982
3785
393
1152
1905
7868
1191
7581
1093
883
1870
165
1211
584
1466
4707
2569
3487
9144
6754
8471
9544
4574
1693
2375
6261
6871
9369
4996
8224
9583
9369
6636
5972
3397
9018
5174
801
8471
6027
7088
7898
6232
5928
5264
7533
4608
7842
728
1994
1349
9317
5133
8012
9698
9557
3463
9626
70
5823
3962
3303
2394
1612
1753
6277
3299
7629
1579
8381
8262
721
5713
8507
9608
107
1193
1088
3314
922
7248
4809
4599
4322
4964
6399
3362
8326
2511
8537
8693
3768
7447
9834
7313
9291
3632
1901
6732
3460
1883
493
6299
4821
9450
8273
283
507
9223
2658
4813
4768
1632
7065
3388
7977
5862
6743
2532
2909
4463
1894
7618
1130
8110
4579
623
9219
6631
9368
6708
5078
8085
8631
1175
3072
7198
5266
8700
5775
8562
8702
6371
851
3146
6926
2935
8298
2858
3173
9909
7748
1335
6063
4453
6683
4536
4812
6233
3318
2301
8628
368
5525
5025
9301
7660
1438
1839
8700
4951
1778
933
7197
763
4994
5398
4164
5694
3702
3296
7753
4489
6134
5254
2373
7591
6283
8751
3355
895
4657
3272
5385
1252
5992
97
6793
9849
6777
8199
7825
7905
1094
1092
6980
247
9003
6763
4495
4973
9498
3263
9549
7567
3935
7202
2657
9231
7096
2928
7898
3925
1022
9655
6182
805
5727
2025
8927
4087
2601
1227
8579
8375
4419
7909
5214
5772
6901
7781
1335
1802
1406
7105
3608
7359
8487
4071
991
9830
2537
6561
4077
7175
4135
1819
7054
2053
4497
6765
4356
7664
4568
8208
7635
692
2652
2459
7053
7243
2256
4072
9771
7885
2513
1639
7569
6076
4165
8735
2387
7578
153
36
5355
6664
3250
532
8645
7817
6925
5199
9114
5469
2221
4792
474
7042
9507
8812
4688
3325
5721
2380
3156
1715
7775
5027
7506
9077
4365
8831
1064
5026
4418
6812
9891
7341
6887
4994
1440
6045
51
5101
6171
3482
5100
4260
5485
2857
8662
8461
3452
4999
8211
2131
4704
7585
3298
3915
4834
188
1860
9299
7326
5517
8320
2824
8223
1205
7234
6847
9840
8026
6708
8821
6325
1531
3138
1830
1168
8178
5906
189
2951
2744
4841
8273
6539
5924
4017
740
4789
6120
4948
7829
3914
8379
3785
6114
9860
2548
4594
466
2070
2963
6798
1255
2026
7144
8964
7154
2392
1474
2944
5771
796
3887
5252
5199
6894
5375
4083
7849
1115
3558
9277
9076
8632
7584
1992
4889
7837
9748
7566
3416
2129
870
6434
8756
7277
4613
3266
9522
8345
7368
1342
4161
3792
4655
2458
4594
1468
3064
8865
6436
7941
709
7731
1983
1836
9706
8946
9617
5175
8864
68
8407
5571
6162
9060
3692
7150
3978
2386
9977
8429
7777
9684
4003
4325
9205
4932
2387
4102
8896
2559
2968
757
5548
8465
4114
8158
7485
3346
5414
8795
6227
2407
8957
9850
3579
9216
2636
8177
6642
4661
2446
9460
1533
2107
9731
7405
7416
17
1597
6545
7649
4608
2867
595
1627
7358
7159
5198
4340
3108
3973
5466
2510
8461
1532
8372
6594
3164
8439
8413
743
9545
9709
2628
6485
2236
2238
5227
3894
2849
1208
1339
2857
9071
8348
5914
7793
9686
9159
6655
5551
8859
3800
436
5606
3877
9609
8098
9452
6989
1779
5068
4823
2251
8377
3386
8357
1541
7920
2325
959
6007
9215
7658
65
356
7600
5423
9368
7880
6544
7444
3393
663
6776
4285
8984
7087
1436
2616
6408
8702
6138
2317
1099
8603
8332
7114
85
7150
6843
2287
1590
1462
5234
3708
3061
6914
6387
6522
7218
6777
520
1747
211
4630
5521
4279
8603
7008
7133
8882
5550
1903
619
5729
9674
322
1035
9924
1012
1605
169
1982
5299
2672
1863
7740
6001
7206
633
9596
4730
1735
1844
7591
8584
7275
4828
7534
7304
3024
6095
8203
1398
5610
1906
7751
1367
8399
8183
3302
4195
1631
1803
8024
2329
978
8046
2068
3347
6425
5183
3787
4519
9377
7085
428
8062
9972
8997
6640
7966
9170
1429
9381
8053
2772
9200
9418
9473
7751
3277
8189
672
1266
2499
1540
6438
4871
861
7294
1003
6329
2611
9026
3990
6673
9755
9702
8103
837
8525
9998
6837
7134
7732
6111
8752
8708
1480
1608
4545
4018
6892
4576
4224
1281
4087
7197
3699
6388
911
3900
2908
2874
3632
4467
2777
9694
7229
5538
4861
5897
6040
3749
5970
2615
4636
8188
557
3470
4067
3299
2112
8210
1210
4698
6991
6285
4840
176
5813
1493
7829
4148
8179
3446
9836
6444
2900
3762
5344
3815
8358
4090
9594
3505
1137
6132
2930
2055
3535
8204
9562
9190
4722
8059
8626
5768
9821
706
4670
8817
1073
5578
5721
3625
9086
9321
5326
8312
1213
9499
8583
5206
9231
2543
6396
8688
1669
3790
1224
3992
3012
9149
561
3053
9367
9947
5394
7853
1089
5173
8667
4662
672
5157
6751
8055
30
8461
2271
1992
9233
8468
1177
6717
658
322
6563
7060
8626
6047
6782
1134
1033
2050
8174
332
1359
9119
8722
8409
4626
6967
6738
6888
5367
7450
8530
2434
4697
807
6412
5982
8638
5316
5724
3336
5651
1007
4661
6740
7450
5323
797
630
4138
4672
1230
4057
3013
5215
3522
158
7425
1430
4512
6815
3822
7710
7858
7785
2673
3909
5877
5523
6057
504
7469
6279
9785
7926
2371
8233
2247
8022
9524
4276
4224
9397
291
4096
6703
734
667
9190
9655
6836
5034
5976
8912
589
8434
7461
5606
270
1762
5934
4483
4335
3075
6540
2851
9994
5338
7931
8409
8948
690
3726
7092
4251
6634
4872
2897
9262
1756
5529
7564
7094
1548
3897
6171
1194
850
3083
7707
586
59
4716
1443
5990
8347
3652
6003
9818
7644
1797
7418
3311
3940
8892
8403
7309
969
7165
9343
3218
9941
2623
1148
4865
5041
3083
4997
6977
7157
6445
5327
8402
5923
705
9211
6028
4873
6233
9362
830
737
3487
7939
3859
8189
1731
5164
9425
2620
6996
5747
7340
5889
5728
421
1008
3803
9288
5455
8196
8965
1448
5303
9881
7809
7
3765
5529
827
5926
4777
5292
8753
6437
9637
8146
1879
8232
5145
2993
9845
4237
5045
1699
1699
7523
6691
3977
2609
1103
8336
5780
892
4343
300
996
7623
9617
8562
9251
5783
3202
5339
1802
817
6486
9910
3430
2150
1373
3834
3420
965
7707
876
9539
524
9021
356
9491
2816
6426
2071
8085
3157
391
2532
3067
9882
3549
8762
2615
4607
8601
7822
870
7682
5633
9680
7775
847
6117
9672
4593
480
7290
4904
5191
8560
1559
2364
1041
6967
7413
3696
5614
1294
5174
4925
1721
710
1140
794
6157
5233
9645
5885
2274
8040
2883
5729
8739
2360
4922
5504
2722
740
9918
7279
4342
1933
487
8843
138
9968
8082
520
775
7131
3610
8080
9220
5101
7683
581
1412
108
6929
4395
2457
8073
9218
8087
8172
7032
3482
1930
2386
2213
7391
5184
2279
1900
528
721
9684
9203
773
5376
1955
5446
5635
3306
1138
6969
360
491
1295
1488
8090
4320
3911
6770
4874
2746
9226
3549
3138
4652
8664
7831
3882
2755
496
5936
3279
7536
6257
1539
638
2908
464
7756
7972
4129
7830
1606
2200
3600
9872
7876
3650
7814
2679
8489
415
5750
8381
7510
2698
5619
2669
5788
8876
1902
3324
50
3381
5547
7542
5476
6580
443
137
2230
1242
8631
7627
304
607
3450
6116
633
7795
3228
8521
9282
2255
5464
2407
8949
9078
1737
7783
6360
4778
1523
3236
9275
8638
2632
3425
4369
3723
1872
3059
8555
7065
1367
5158
3960
4357
5616
5061
4491
6966
244
3633
9196
7599
8937
2071
2267
7352
8935
4323
1438
6547
8663
9037
7735
997
5843
7797
7538
2828
3692
678
8555
5139
8719
1803
3578
4471
5685
4311
867
4509
6342
5618
7395
4559
5286
8702
9406
2345
9617
9884
5449
7519
5088
8845
8436
9673
8820
366
1371
6468
9218
9971
4628
8317
5853
982
3062
5681
953
7608
7337
162
9364
4852
391
2046
3542
7043
6997
7615
1789
1034
9548
1493
8802
1925
8427
7450
1960
2575
4628
7620
1518
5619
8264
4898
4981
2800
9145
4730
7034
1301
3556
2690
8915
5539
7750
4283
5940
6623
2901
6214
8551
982
4754
6830
3580
1907
9697
9857
7017
4518
2551
6181
5051
3749
737
6783
8760
9912
9027
7503
1468
6701
8747
1423
9619
2163
9362
5646
9599
7101
943
1121
4597
1515
2537
3920
6821
7412
5753
7194
8736
8831
8053
9536
1529
8773
5982
3241
7323
1594
802
7985
5622
6165
6527
8441
5579
4789
4428
763
7871
1289
5040
9144
1525
5787
7608
716
8225
9572
8848
9617
1288
1033
9944
8623
6952
1833
9872
6802
2552
625
5577
6418
4651
9288
9787
9860
9161
7762
943
7558
6943
5949
8803
2141
742
7395
571
9920
7321
868
4323
3169
1079
8332
7480
2823
9633
7386
7362
9816
5568
5565
7640
1045
8918
3401
5415
27
4638
5396
103
6349
6780
9774
9921
4625
8560
8949
5944
8855
468
6064
5322
6524
5347
2281
6663
9457
7589
8256
3828
2616
2990
7804
3563
6785
8614
79
9662
9089
9489
7029
2911
3318
586
8604
9272
2431
419
3936
4301
601
2459
8563
6157
4193
9101
8949
5581
4858
4837
424
53
8669
9772
697
260
5509
8101
347
3897
7181
6038
6311
7953
6976
2254
7606
8062
6148
4010
6861
6368
850
8860
8306
4717
3087
1283
5678
5884
5449
9364
4913
6705
9582
1043
3918
4887
300
2901
2780
7589
8634
892
8198
9315
8073
5633
5996
6859
3441
5114
779
1654
8729
1735
7867
4807
4819
4166
8853
7263
7354
1694
9902
5073
95
1251
8773
2374
2787
495
3342
5784
3587
6239
450
2680
2185
1374
9175
6709
3321
8998
7609
1090
3164
1395
4862
9086
601
3694
4539
8572
7542
4870
849
2230
7529
8844
7897
4080
2313
9628
590
9296
2278
3324
5153
984
9365
3775
285
5003
5631
4649
7861
7334
8515
8370
6160
4347
4315
7586
7164
8961
1945
4909
8954
9749
9600
8126
8609
9430
7061
864
8716
5137
1949
1513
921
8005
620
1870
492
8868
1274
2196
1512
5447
8826
9876
9687
8012
9307
4151
2487
2050
385
1078
1070
6937
7336
1993
6319
4607
3832
8019
9673
9042
5498
1411
9184
3644
742
5763
8961
340
5522
6556
8568
7099
6361
4980
5657
1876
6566
960
4373
5007
476
1738
7314
7350
9984
8954
1798
6731
913
2023
2278
2301
6980
7253
3585
346
5463
3124
8321
5080
9028
8005
6938
2241
1801
9447
2563
2015
2184
9225
9948
397
5020
5913
9469
5580
4626
2752
596
5409
5179
7149
7906
4758
8652
1900
7555
1951
1193
8551
762
7064
7437
1877
5059
7252
2156
5581
5312
2202
6453
9769
5055
691
2929
4670
5444
3961
427
2509
9285
4353
5710
1508
7515
8083
2891
6179
5922
95
5512
2163
9126
1854
761
8070
5603
6390
164
6607
3332
5184
9716
7232
4952
5073
393
6490
8730
4440
9737
2801
643
3462
8134
4188
4897
9955
1662
7764
2467
184
8800
1310
2339
3304
685
7317
1544
4799
4330
9486
8522
946
7504
3285
9711
8267
6610
9718
1556
4604
3199
7970
1834
9275
7851
9666
5393
5623
8894
1113
6071
797
6678
5742
5530
2610
7499
6229
5158
1528
934
1638
6343
3289
567
4601
8679
2543
9130
8747
8717
8439
4230
5770
1376
7454
2236
4132
9997
7881
6347
4576
3353
9359
4890
3195
2593
2569
8291
3819
3806
8282
8658
3594
9284
1530
9645
2930
1898
6116
2372
9347
356
6712
6430
2313
5925
7230
1567
9299
9813
4733
4115
7802
7556
3772
2792
7623
8072
7412
6746
9861
2670
8350
756
4932
7277
3810
4683
9543
6903
4537
8694
4368
2985
8760
3855
3819
7639
2775
3415
1353
8338
4204
5202
8132
5092
9497
1975
506
612
7434
5924
5166
7725
3447
7379
3336
1707
9695
6086
7296
2965
6712
4942
2347
3290
8037
6489
6359
6343
4119
6662
351
8835
6031
2250
2089
7798
8591
4476
8161
8400
9382
9532
4211
9971
4922
7438
6201
7000
2339
7807
2257
7528
4685
7351
5062
9167
8941
4271
7704
2610
8898
4832
1922
7363
930
4563
6677
641
2637
2728
8574
2327
9156
984
9150
6273
8884
6132
4507
7732
2638
9517
9155
4835
781
8067
1720
2789
8532
664
1368
5206
3284
7140
5557
9876
7415
8193
3897
2725
1241
1642
4254
6364
609
5608
8734
1306
1751
4744
1993
6802
7846
4811
9995
5243
4318
2703
9989
9420
9540
7617
5369
3533
3163
6277
6854
4387
590
8299
9632
4732
9800
4971
8597
1775
7334
649
5801
5455
806
810
9992
8879
4180
3693
1326
1936
2462
9641
1638
4834
4539
5296
9160
9456
8304
2920
2013
6629
7903
9511
3674
1186
9030
5390
6004
6552
1418
2240
8760
8757
8946
2551
1829
4694
9796
3941
5767
7623
1792
8426
5288
2113
96
3295
8366
5385
9303
9814
5948
9533
6607
46
1633
6662
1118
4832
508
5641
8949
1946
1038
6862
4832
6260
5019
379
95
1604
2885
5850
1382
174
4873
6785
7934
7904
5646
5920
6685
6595
1405
6896
3600
20
8091
4869
1709
9759
7087
4010
5052
2992
8504
6724
5277
2923
7492
6052
9556
1881
5746
7044
6404
133
8646
2763
7128
164
8683
6040
2854
428
7576
9878
1417
4530
35
9322
6399
7225
9107
248
8909
3703
5810
7275
9593
6682
6721
4303
6394
1742
3675
1372
5534
882
5448
8094
1858
7857
9806
8772
1735
4754
7574
1770
1170
7868
4145
7738
8316
7022
3529
9229
204
5779
383
9051
7454
3527
342
4438
4501
1809
8133
7602
2344
4937
8803
5460
791
3823
9994
8707
9169
9438
8863
862
2950
4168
7581
4561
9905
3297
3397
7502
5733
4013
7000
8855
2878
8338
2742
2113
5248
7525
7032
7680
3738
1860
645
5504
4997
4043
9367
4222
9485
13
6177
1694
2852
4813
6008
1024
8606
5421
6748
7800
9386
6644
3616
272
3070
1599
7524
8630
9727
1910
4917
2694
8091
6988
404
9515
8455
5811
9063
3662
7723
3846
9068
9396
7127
5109
6043
2846
2233
3225
2119
1576
3409
7321
6960
7444
3383
711
8973
4447
6893
7659
286
1488
2243
301
8250
5791
2326
7987
589
6014
2527
2644
8784
5605
3847
8473
6152
9081
9133
5676
9528
5886
734
8851
3672
8505
1914
7986
7166
1286
4393
5376
9088
7016
3595
7696
5221
2148
5846
5057
7193
611
3292
6875
6118
287
266
8958
3058
1498
7720
2609
6319
798
5848
3732
5539
7922
4558
805
6708
1014
8220
2803
4997
7292
2648
3335
9677
7547
8311
2325
6604
9021
3814
7676
3647
6233
8238
7862
3967
2021
9519
671
8291
8618
4151
3555
4589
9480
4565
3612
7077
5255
572
389
7263
674
8011
7012
7239
6794
3746
8389
4774
9628
4530
2349
4300
8351
1680
91
1884
8250
7505
9554
3021
1904
8262
6266
1981
5782
1748
9665
3980
1619
9440
8054
3139
7412
6833
5351
9818
7465
9622
878
2100
4223
2400
5240
4183
8339
4424
6679
945
466
2506
391
3754
6796
8920
3313
5589
9907
3692
6405
8109
2923
664
7680
3079
5710
4480
5516
4764
2033
2333
6181
8103
9361
855
1760
7787
6161
5612
2769
8709
490
2269
9151
8439
660
8225
3010
4716
8549
5083
1922
6699
7780
9379
3574
4089
6252
5661
1985
9106
513
4083
1498
7921
9542
6498
3089
6845
8668
9032
7110
1292
9960
4702
5601
9839
6942
2367
6267
1893
2517
2975
1460
9124
5518
1403
8032
8542
68
7680
4757
4273
4331
997
5259
4276
413
6557
5972
514
9667
7772
4493
7011
9362
7571
7253
3933
8994
7240
6449
1220
8867
5878
296
6040
5970
3906
3404
5665
8871
7646
7454
4052
3884
2857
2447
5460
4900
5460
2537
3577
6179
2773
3560
813
3070
9842
878
7927
7279
1287
9006
4073
219
3889
9505
3774
4206
1801
9679
6518
7539
3504
5138
1474
359
3706
9152
7115
5222
6505
8438
6905
4689
3920
33
9113
1339
4438
795
3356
8421
2707
6932
1819
9430
5725
8825
5376
7396
2988
3563
4561
9339
4236
4281
6946
3914
8796
3031
2660
9193
5362
789
6922
429
246
7367
3133
8598
701
8562
9068
4390
5100
1796
5980
2902
6464
5311
7536
5740
939
9167
6513
9357
8956
2908
1049
569
2665
7224
3491
2383
4290
8348
7461
8320
3789
1507
477
6138
2527
570
8661
2969
5436
2058
667
7847
9438
8665
6844
2341
967
4788
939
1587
820
4648
1392
2833
5163
4996
226
2904
698
3128
8514
7
6487
9444
9440
7893
8880
3228
2190
9182
7041
8979
1088
9046
7797
5847
5856
4348
5548
9282
3514
7981
2657
5504
9884
9853
3967
5435
3467
7687
2809
4617
4824
2582
5297
4834
2942
593
9124
8942
847
4219
3736
3439
8506
6342
7090
2096
4694
6159
2433
5115
2689
8541
4076
49
1963
4422
2926
7959
7727
2388
366
3351
2853
9312
2421
2076
9055
9910
1273
8264
9456
4043
4165
1935
3205
5477
8344
7406
943
5060
9138
8968
4278
1051
1318
5440
4831
6782
73
7260
6520
2168
7643
3496
2949
9580
9372
4845
5619
5727
927
646
3714
6155
2647
6947
6431
6728
3595
7797
167
7312
337
3828
5632
8078
9290
5904
347
2338
4173
2625
2026
834
2510
4026
2077
8056
657
9622
9931
2709
2776
4859
6243
3339
9642
2146
4732
3825
6889
3916
5021
6398
4466
1394
3351
1738
6288
5621
7800
7473
9978
5163
4952
1192
1033
8915
8129
9046
357
449
9683
1211
687
1490
4975
442
8021
9382
770
581
2344
3828
7972
77
6702
5677
1260
6648
3774
4558
1749
3962
6506
8693
3065
6443
2539
664
7881
2419
2016
3663
2556
7755
8756
2134
4655
8114
2034
3893
5354
4005
618
7298
1910
1330
1548
1263
4907
637
223
8532
6385
797
7468
9933
1603
6411
8906
8279
4796
5741
5842
4246
4897
9152
3740
5128
9065
6336
6481
6634
5563
393
6689
5178
4378
1507
8587
6274
3109
9427
2764
7537
9190
7361
3566
4474
7392
1760
4308
1395
7920
2309
8447
7876
2808
255
6355
3600
9994
1044
9406
6640
47
3878
8936
9977
5707
3388
8894
5313
5449
7735
962
8498
8998
1344
4883
2287
3283
872
7140
8959
7558
2234
5914
7832
9811
6107
4464
2988
1299
3195
8463
7166
4256
3541
5741
7248
4989
1475
1612
7333
4441
4800
901
8923
6999
9738
8012
2620
5519
4232
8214
8054
1324
2622
1163
6290
7533
2962
7824
6737
7869
1410
5699
7882
7404
6106
4365
7371
6425
6950
3797
5876
9802
1199
1042
6870
450
6393
6222
9498
1080
1260
5735
9111
8007
9852
1132
1635
2081
9563
7860
7656
6350
6330
3208
4706
5595
6194
1347
4997
4972
7069
87
531
7459
8911
8594
5056
9397
2601
747
8961
1448
3693
796
5275
5541
1527
6688
3734
4175
8026
1871
9073
4697
4609
1111
4481
7423
2731
1060
2481
5977
1401
3765
8307
3392
7121
9550
7566
941
4339
269
6032
8203
6148
5698
9324
6165
250
1474
3201
9801
6671
8600
9963
2506
7440
2040
2067
3574
4610
6302
6442
55
3001
9876
5695
3908
5956
318
9961
2429
6186
1848
8309
2887
8936
9070
9142
6528
9639
5899
1687
6007
6929
7038
8260
8712
2685
6137
9003
9784
2009
8106
9115
1373
9666
1981
4641
3495
858
3920
121
8010
8474
410
5139
3712
7014
9399
3994
1406
2702
5606
2546
6787
448
2623
3192
2396
4926
5366
4535
9613
1817
2305
8168
4611
2971
306
1188
3308
4510
5382
5822
7107
5619
1992
8925
6563
6148
3235
1777
6617
4685
6410
8116
3393
5855
7572
5611
8231
3627
7137
4506
1800
4436
4948
9427
1073
8101
4485
6460
7203
3790
1323
9591
6932
652
3316
1173
6864
9513
6618
8899
7892
9969
8299
3872
4537
5927
833
714
5139
3535
3484
5178
6955
9598
362
8756
7707
3239
3231
585
3548
9905
5713
4739
5011
2470
9640
7562
2917
4166
4499
6823
7362
508
6873
5575
8064
1979
9142
5653
6954
6230
3312
9260
6121
9516
7742
7658
5506
4883
4048
218
79
6322
3974
634
5855
6798
5263
118
2714
160
5096
7105
8645
9452
5199
5621
4475
7803
6002
2092
7368
5269
4654
5284
35
6919
2978
4870
9693
8877
228
6644
1824
5322
8830
8775
8781
8098
3922
9421
9323
1198
7369
4147
656
4657
3955
8990
3456
4024
9882
8260
1570
4026
9078
6518
1474
6912
2800
9296
834
5018
7823
2505
7617
3203
9309
1056
9646
5038
1394
7645
9044
4631
5660
7828
9749
1326
1062
5164
8815
2131
6709
7415
6782
3060
842
8430
3945
7776
8366
4079
2471
6682
2965
319
2369
1219
3052
7671
787
3191
1320
6991
453
71
1439
9102
365
922
9789
4734
7298
5235
7409
8717
5759
158
3613
5017
8978
9334
3955
469
6542
7472
9501
9585
7559
2231
7325
2823
3659
7803
3724
5848
8687
8259
5205
4972
7257
1321
5544
9738
908
4354
8658
3057
9010
3535
927
3047
3252
540
3434
3186
1465
5266
3674
4011
7261
8027
1115
369
4103
1307
4849
2389
6722
7844
8483
7478
3190
9810
4905
5774
6066
4398
3213
840
2059
8004
8076
9216
91
6743
8422
3791
2390
4371
2080
8937
2028
9708
3712
2298
7735
6429
6177
5799
465
5025
8168
9580
1655
2872
1272
5017
3592
7382
8108
6226
8697
8798
6350
3253
2559
807
8149
6451
7696
9507
5268
305
3138
2298
2300
5335
6922
7929
5181
8906
5533
3368
891
8645
3438
1653
7587
8828
6561
2353
3673
9475
9140
1297
2558
7187
3138
5335
2561
5524
7994
1832
5819
1533
9607
9624
2189
9880
1174
2007
2311
6030
1699
9491
1783
2215
7098
8833
3722
645
8224
6671
6818
3279
769
955
4875
8803
805
9457
1050
1066
1029
4575
3967
8717
1541
1271
1215
1282
1600
9551
2257
1684
6547
5801
5394
235
1535
5109
2419
3838
7389
1660
6304
8876
7981
3709
6872
8195
7666
8401
7919
3382
2746
5986
382
6457
4611
2494
6858
9118
9342
6978
1267
3897
8716
8117
6624
4681
4361
3705
4838
6652
2884
9351
9378
2697
9876
9175
3847
3472
282
227
9654
1019
7347
9633
2988
8517
7152
9154
7127
3578
8005
5238
9379
9886
1359
7803
3575
4596
8622
5329
7885
5302
425
1115
8847
6009
6966
1028
2841
8696
6030
4474
7648
484
8434
5184
4799
6759
2942
7438
3033
6423
3879
9512
4819
7273
2436
4891
2943
3885
1040
2890
2687
8941
4008
9261
8115
7306
9054
4625
6968
8616
4471
8901
4648
126
5851
6028
1609
2606
965
7047
6967
180
8118
1200
3036
5430
8368
5267
5725
9248
4263
7694
7950
2791
5586
7962
6481
3645
2568
4941
9910
4629
761
8854
6715
7545
6574
2399
9675
1910
105
5296
5363
5272
4565
598
1142
6558
2741
9046
2533
907
627
8861
6660
3543
9232
6091
2409
1782
462
5127
2082
8899
3798
8086
7976
2746
4185
6145
8558
4979
3925
4731
3725
1713
6333
8535
8354
5685
7325
6771
7850
6851
9739
6129
88
6417
5533
3588
9669
9420
7619
1084
3640
488
9498
9244
8127
955
5438
8998
2773
7880
4750
3742
9979
7923
1995
4194
5171
9022
7835
2819
2149
7732
6972
5677
4858
5754
430
9648
2762
9101
8700
1335
3088
6653
7788
5673
7796
755
8577
5120
8040
5919
6797
9137
665
2847
2985
3946
9735
9664
9685
7059
9982
7672
4614
2925
1917
345
5496
5393
9430
1967
2047
7597
2640
2321
5449
7479
7743
1759
3744
3712
2617
483
2327
3655
176
9911
7691
1579
1786
9105
4332
6976
5812
7903
5054
3032
2485
5496
5774
4070
7062
6722
1922
3602
4439
772
7346
8712
4725
6566
9510
7383
6073
4160
8589
286
7682
79
5599
5933
7627
8625
2328
9882
8647
144
3672
9635
8126
1428
4996
5591
5645
9370
5319
8500
9801
2508
1258
3750
7144
8771
6761
7367
2334
203
3072
4766
6990
2877
7894
2906
8734
1636
3137
4340
3650
9959
5667
6408
9019
2803
4434
5323
2484
3346
4963
7862
5285
3920
5682
9858
5608
9359
7013
7258
4241
9819
4811
9805
2378
4999
1829
1355
2717
7212
8158
6804
2948
7288
874
8550
2867
3774
9178
7768
8803
4103
6264
9452
7147
6739
8104
1772
967
6299
1437
5184
1055
4891
9035
892
8238
7781
6787
9536
6590
9567
9703
4978
4486
329
6814
8266
1382
4391
3272
21
9131
9740
290
2527
9857
3482
2329
1725
2872
7817
7136
1604
5291
9846
8839
4496
596
8294
476
4169
8912
3432
3099
2336
6215
4225
3661
1872
7650
2202
8273
3002
1708
9514
7217
9835
6186
6849
2697
9018
1830
8754
4924
2258
5893
4558
6391
1327
1716
7071
7241
5550
6927
9222
9216
630
4620
2722
2748
2408
9255
5582
3227
5444
4466
9058
3732
3306
8422
3636
6232
2078
1891
5597
6162
5065
4477
909
3918
7933
260
5394
8958
8323
8613
5680
1680
7103
5170
4159
474
9179
8953
4864
658
5450
7233
9362
9184
8500
1937
3669
7096
3900
8882
316
4967
4309
5621
3703
4982
6286
6346
6456
2399
7714
5371
7644
9172
5051
2254
9227
8788
4404
8582
8475
6105
3040
6736
2764
8295
291
4589
6437
7952
7913
2984
2197
1908
3338
650
7316
7989
3397
5479
3858
8935
4455
9408
6026
8429
6283
9802
99
7983
5176
3433
1244
1053
4851
3884
6132
2396
1289
649
807
5242
8432
4383
4831
2884
372
6799
4992
5242
4463
9459
7475
5350
9047
4935
8465
7608
5010
9274
8659
684
9266
7185
8703
9144
2896
876
993
3255
1056
7840
9182
5509
1045
8874
2653
1390
6099
5616
6039
3905
2062
9902
87
3319
9418
2843
1271
3453
9739
673
7656
8000
7309
579
1019
8262
4980
3112
1941
7642
7311
7860
5645
2051
867
3144
1509
276
7227
7654
1728
7804
4191
2969
6239
8213
2559
2924
2778
7764
4885
727
2132
5067
7367
8450
1259
8888
4076
1769
6514
517
4071
5211
4583
636
2383
4366
9362
7136
2016
4355
7700
2739
594
1147
4837
9844
529
8301
5700
822
1726
6322
6478
7207
9347
4627
924
7859
4960
4355
6586
844
1730
6727
4816
4283
7870
8498
3390
1307
4992
4522
8693
9737
859
6400
7689
3350
2468
6217
1999
4368
6601
4406
9445
5087
8174
8554
9793
2965
3781
2199
5557
7943
9624
2173
6541
3391
271
5687
1183
72
4735
3064
6215
5775
4644
7015
4040
4374
4850
780
7642
5152
4269
4650
5715
1706
3218
305
1331
7381
3616
1956
9255
1636
693
450
1863
5727
8203
4667
4159
6630
8049
4170
6766
4004
6474
1046
9853
9266
9903
4472
5036
2881
6509
7504
3264
6043
64
1110
5204
4047
4133
302
12
6650
8722
9928
8928
7062
804
1823
6875
7975
6805
479
4397
9150
2507
8504
7631
5670
6316
6528
1143
8447
6173
4703
4565
4585
2066
6950
3935
2390
2042
8163
1695
8929
54
6278
2144
8577
7189
8699
1879
6687
5267
5207
6741
9744
1221
1695
5291
1544
5823
1991
5038
8451
1986
4355
6106
7641
6417
2019
4589
4064
2094
8599
7194
7311
7803
5681
222
9117
2188
9096
8130
9776
3060
2028
1524
8389
3565
606
995
2316
5056
4143
2590
5310
5472
1682
9796
1659
3853
5838
7813
5713
4682
2264
2976
3101
1139
2915
2961
636
8024
4480
3747
9136
2367
3154
7270
3175
2953
7578
1919
3385
2777
9027
2530
1522
9652
5209
6151
980
584
548
9943
2814
3892
6873
2561
8250
8303
9638
878
2374
7293
9874
1216
5575
274
3965
1314
5553
2188
9567
1483
2802
148
8888
9822
8147
4653
8787
2573
1329
7555
5511
61
5944
2834
5365
9976
6768
9462
1159
7319
717
177
9339
5973
3968
68
9998
678
7933
8488
4310
4090
9681
2313
9407
2341
4130
2246
7803
8105
2912
9550
3284
932
7384
3622
8902
8312
1619
1729
79
1661
9548
7433
682
868
9698
8367
4547
9833
5481
7404
9577
707
9713
9667
5661
1809
5804
4760
9617
3309
7626
7438
996
6176
5995
6720
6756
8624
2937
118
7306
6684
4885
6871
4637
9051
5490
5970
7500
4951
6542
5286
1960
6517
9400
8094
8177
5627
2496
1416
3952
2243
8508
1685
8397
1413
4050
8053
6257
3926
3800
1149
4292
4750
8601
5454
8094
4409
5884
8609
8513
1969
184
3035
8630
2005
6366
8426
9683
8569
3691
7846
8761
3150
2098
4900
5649
1290
7935
9372
8772
8460
8597
6378
857
6000
7290
7923
7257
5493
1145
544
2729
5169
4777
5555
1150
6642
6107
3138
302
6527
789
5539
2310
3624
1173
8283
5205
6758
9979
5077
880
1703
8887
3391
4216
5411
7743
9944
3811
9689
553
1780
5266
7192
6022
2735
6845
9562
530
6232
9772
4799
5024
8610
930
3846
4077
2077
6131
4609
1903
8552
3879
580
9121
9606
7442
3074
148
2940
1807
9930
7784
3953
9002
7557
7751
3776
2604
9807
4071
3198
5024
18
3197
5327
9985
4908
3497
9028
3196
4839
4764
3620
5355
8531
4324
4605
75
8429
4268
6110
1077
8046
1170
2599
5577
5555
5860
3695
1046
8271
2335
6776
2866
8693
1979
7241
1899
608
7854
5136
7964
1960
9594
5768
4713
3508
1819
97
8085
5459
2296
199
2767
3769
5196
8656
8926
3877
4302
6299
3280
142
7527
9332
5727
9619
7063
9445
4874
5638
9189
2369
824
1345
74
5508
6555
4759
3480
2970
622
3812
1410
448
1033
1040
9496
8159
7006
9547
8384
735
4960
2680
8244
2108
1950
6854
8595
9731
2301
5835
8142
1152
1854
1892
5071
7452
6379
4943
795
387
4833
1925
4644
1670
5498
2257
4337
5694
3697
9101
2038
4093
1714
6173
3915
5004
7537
2297
6671
4872
4016
8871
6507
7020
4774
1598
2188
8284
2002
5879
6473
6400
1253
797
1000
2309
7472
1931
4296
8050
5845
8174
1931
2953
5428
9855
8954
4388
3896
9173
1231
6947
5799
7937
7055
7422
2640
9314
9000
6082
3547
3427
3569
9589
6361
1538
9614
7562
3634
8920
5085
3047
6285
5899
2657
2561
5895
5642
2836
5293
6378
6802
5415
6589
5804
5629
7962
9994
3950
5301
5438
6905
3948
460
9717
2376
4421
9983
7390
1821
8071
5726
2531
4267
3488
1353
3503
479
6990
5870
6942
1246
663
8386
7790
8005
2602
6857
2751
2131
7537
6313
1354
1474
1266
6853
2629
8371
515
5009
6746
1590
4690
9835
6448
8207
3210
6323
7186
1590
9391
5320
7693
75
9347
2205
9828
9451
5558
5113
9902
8998
2024
232
9459
6376
2650
9544
6212
8580
6756
9687
4727
7175
5724
5241
5488
1870
6460
3745
9106
5549
9832
9928
364
2509
4995
8915
5150
9061
9770
4443
2656
4266
4403
6705
8485
7505
6077
947
3572
8039
941
3938
3886
1042
9440
9214
4633
2057
3385
4576
1477
5988
4962
7281
6765
2159
4741
255
5014
6996
8453
7535
5821
1000
671
7669
2847
7264
7746
4918
1085
1149
1682
7865
5365
1696
8150
4229
9436
8641
7985
4821
6083
3924
441
4033
7570
9695
6107
3885
5282
4141
756
55
4740
8958
1693
6695
1536
2548
3572
8112
5739
6382
2328
8082
193
4342
8958
307
3581
4878
7232
6352
2482
9555
1146
1953
1178
6277
6123
1897
4813
3634
9725
4571
2812
6609
2539
9521
3909
8381
9419
3419
3116
5239
2316
6431
2370
5469
128
1385
4190
2616
5417
9237
6839
3599
1626
4684
136
5982
5770
1080
2569
3092
7751
6301
8189
3084
1511
5523
1591
3482
8434
9754
5374
8288
1032
2549
3538
9967
1948
9362
6567
5366
4682
2880
2179
1340
8054
350
6154
9731
3229
82
4326
9795
1590
6443
2368
4691
1499
5795
8683
2662
2805
944
4336
2754
3160
9659
8076
749
5612
1374
2296
8044
9809
4172
5419
9799
2595
1831
7551
3722
6653
2227
7135
7405
802
2952
1696
8481
3499
9805
3229
9031
7873
2583
6681
1122
9563
6129
2290
421
7186
7902
4502
5724
4625
9376
3392
2224
7412
4447
8362
1756
1007
2808
3226
3392
3096
2590
4260
7484
4427
9625
3593
9660
4816
984
1541
3099
2885
8440
9551
3827
5888
3917
1494
2775
6881
4481
1842
5661
6413
5214
5787
371
617
9053
4643
2307
9586
1673
4997
2159
9419
3345
8692
8990
9415
9640
9947
6787
6669
9321
7823
2131
7065
8516
7138
4581
1312
7409
4465
184
7525
6296
407
4876
4386
9386
4573
7964
1960
6294
3363
8829
8164
4454
1527
69
2201
755
3635
4362
5840
3202
7059
1048
9376
5980
4
2416
1085
7817
2206
9745
828
1756
9623
521
2980
7451
8517
1858
5560
1776
3
8750
3861
8018
2594
6032
3053
3102
9365
1402
438
5635
3736
2328
9932
8039
4622
766
5939
7901
6686
6365
1777
9160
5698
4646
1988
161
1292
9925
6309
3646
9965
9120
8848
3350
8277
2787
5666
3731
761
2431
7855
599
5209
5696
8597
734
143
5425
1803
8176
7247
1196
6397
8058
7846
1486
1237
510
4499
1978
3033
3242
7993
496
1257
2074
1449
6060
5242
623
5530
8565
3818
6794
3552
7406
4124
9370
9312
2102
7723
5066
2617
8600
931
2756
7474
8234
6264
2698
3145
8850
5257
1151
2429
5369
5720
5428
1001
1564
8233
6683
2545
5160
9161
3426
7586
2720
9162
8496
4095
9818
570
6420
4674
2386
6935
7229
2895
119
6073
9387
45
4285
9345
5984
4916
5526
1403
3257
7830
7930
7350
5823
1297
1528
1082
7578
7455
1928
7245
2832
1719
8483
5125
5444
6600
9739
671
4696
3563
5066
3173
7785
1658
1968
7367
5353
9672
8430
7389
4872
4067
3939
6127
5417
7154
1752
2540
9702
3795
6729
7278
3094
5872
3243
6361
7601
262
2746
3935
2310
810
4512
9113
225
235
4649
4050
2472
236
801
839
8278
4410
3503
4696
3974
9923
3572
5306
9987
1416
3522
1054
3747
6131
5146
2291
1048
7914
2565
4891
1757
261
420
3579
8750
1676
9357
462
8581
7097
7004
4210
1917
7253
4219
6674
5990
8060
1509
2680
5875
7034
5601
7826
6336
7022
8628
9184
4985
7226
1702
7644
7260
6423
7727
6428
3679
2813
259
6508
154
188
9254
7908
1977
3104
6456
5091
9602
121
7559
2679
3338
2747
8172
7284
1438
1588
5993
1841
745
1277
8960
3854
1279
8777
9474
6030
3062
65
5607
3161
7310
5563
7474
2916
4318
1501
1711
3612
915
2490
4852
5525
3727
9326
8929
8595
9233
5791
9201
2828
625
46
7556
4377
5921
2714
8975
1382
6279
9101
3052
3257
5901
4275
674
9614
1432
4059
5176
7629
2584
5913
5325
731
3780
7711
5974
9154
9184
4868
6286
5307
5849
1883
7656
6317
5680
4245
4340
1254
479
1268
374
6054
6966
6232
7507
1103
6687
5384
4717
3430
7924
9313
1379
7401
1924
5862
2114
2691
9037
5531
6227
3142
2639
8619
2639
2771
3843
2959
3696
9382
938
1881
9501
5356
5944
7897
6248
9052
6713
2016
7432
7487
9984
2766
2391
5922
5869
3826
5580
8710
3554
2985
3722
6269
1397
5792
1920
9681
820
6807
9189
3752
5946
3797
9946
7784
5511
7489
9543
4995
8156
4388
9274
675
9588
746
7932
2291
6882
1932
38
5596
1812
2690
7384
7060
674
7832
9423
2794
7051
5365
949
7491
1759
2758
7058
247
3269
5190
1146
928
9189
2152
7367
5890
1538
6242
7024
9324
3859
5315
5968
1075
5015
7758
2522
7301
755
8992
9855
7556
674
5018
3351
8604
6583
5341
2923
829
4031
2507
9970
5903
4619
7577
1486
3025
4965
7569
7714
5567
5183
3822
6595
2777
9560
8088
2971
8424
1596
819
1966
4389
1244
1817
8287
6606
9073
3919
7437
5430
2253
9723
4504
9244
8628
2037
2674
804
432
4547
7254
6494
5179
1832
4652
1484
3405
7643
8682
3122
6520
6384
9427
7863
932
8485
6105
2061
454
9931
6698
5151
1498
3613
2169
8243
612
5566
9700
6827
3304
4969
7556
4287
9899
9667
4203
7566
6489
3574
7566
3608
7083
7926
2177
5036
9086
742
4424
6040
8981
3159
8788
52
1032
8597
4
1893
9203
8254
8227
6405
8951
5824
2235
1813
799
5105
6044
2596
3635
3505
336
9731
2838
8428
1477
9107
8374
1213
4429
6350
4889
3613
9574
5698
3610
5117
6338
7548
8255
6967
2182
4563
3318
8442
5171
9871
2636
4619
2923
8834
9250
3057
2066
4858
4139
8655
4200
7052
6567
3992
8635
6052
2015
826
7211
9709
6561
5296
9084
4327
4154
8127
6616
5567
8586
455
7540
958
5895
849
6099
8363
3345
1617
8998
5586
4294
695
1370
1143
2454
484
265
7679
8482
7980
2235
8634
4028
503
8359
478
3318
8454
2055
1222
5134
8072
2001
6915
998
5610
1517
650
7579
1726
8813
2940
3090
4935
6332
1215
2637
9325
4258
7534
996
1842
9381
9866
4249
554
1870
4506
2531
6239
9998
2109
2256
878
9069
6037
9827
7194
4817
684
7117
341
9625
1798
5800
2365
5145
6135
9514
8676
1014
9458
5772
1306
6970
6815
3928
9056
6325
9336
5783
8484
3395
942
5537
9136
3602
8678
4005
1033
1999
7809
3738
1273
7323
242
1963
7459
2924
2040
4211
4884
42
7364
5298
3648
660
8700
9602
3733
5045
4885
8134
4457
6887
1623
2678
6054
5695
9335
1849
3615
8029
47
3079
712
5355
8723
2015
9534
7389
4674
9201
1127
8510
8763
4125
9394
1479
7465
2399
6478
4789
8767
7371
1146
4231
6646
7959
5221
2573
6164
8699
5213
3437
1884
8372
4787
5511
6659
895
7756
3137
183
8048
9234
3239
4772
3140
2552
1848
490
4415
1007
62
7196
8704
4259
3493
860
7078
8780
1384
7696
4544
3693
4488
8816
8309
6538
1725
730
3491
7315
2086
2139
3511
2457
941
6540
2803
3154
5383
3005
6390
3461
7273
6653
32
9424
5760
4396
3050
7182
6737
9091
1839
8408
359
1127
8460
173
80
3252
5586
2528
8599
805
1469
2424
9997
4542
1078
7308
4293
328
5586
344
1115
2666
5425
6440
2420
9535
9297
6672
402
3553
5727
8860
4379
1985
3955
1586
5221
4838
5410
1658
7321
286
1031
1949
7609
7934
2110
5004
3298
7138
1545
1721
8504
2953
2324
5610
295
3345
1688
5214
5379
5321
6330
2349
1564
3502
7051
8723
3280
6364
122
5409
4614
1513
9548
4618
3469
7981
1032
4900
3219
5022
7969
5630
7278
9084
542
7197
6934
3540
924
8534
5395
3292
9124
7762
8413
4883
4187
4938
7169
6255
4391
4958
9117
9888
8527
5639
7655
2785
8762
6871
8364
90
2382
5760
6664
2960
7613
4773
3954
8453
3129
770
6246
708
6091
2898
8134
7657
4485
9904
7909
9479
6484
8362
7348
7268
4050
5414
318
7061
672
5422
106
8132
2468
6296
2393
4139
4671
8302
5977
9000
2961
4897
5403
8881
5740
5204
3654
8926
172
4122
576
4943
9015
3956
1733
7396
1565
5788
8726
4821
760
5194
6291
7376
3942
1473
5834
9427
5949
8206
1098
4226
2485
5727
6688
7946
1457
5160
9136
6991
157
2364
4456
3739
82
9091
8398
4776
2107
9081
5192
942
9212
4205
3086
6251
7875
3119
8993
308
9863
2016
3207
7303
4399
6277
2877
7293
231
8135
8090
4048
6815
6751
6923
9115
5571
3222
8513
9791
1362
2689
8484
4428
6093
7675
9246
5827
8155
179
8612
8488
4418
4466
1085
580
5800
5038
4714
1707
6862
12
3956
4798
691
5907
412
5715
210
6312
3439
6699
7629
2744
2707
2263
5896
8811
3094
3037
4788
3030
2225
1546
5222
4720
2409
1763
3255
9097
5600
6203
6583
1478
4104
8409
110
7308
286
5359
6378
4963
6281
3050
7564
6065
9291
9114
8410
78
8121
671
9734
2706
6064
3299
4816
1385
5126
486
1497
8197
430
7311
3359
8225
2745
8857
9395
4453
8770
766
6463
1660
1528
3762
5912
9587
3491
3831
8200
7619
8124
7815
1576
8768
5081
8622
7071
8483
6387
5081
9042
3698
1321
7278
3075
5975
7288
8346
3138
6451
8157
8118
2875
518
4972
4222
9650
7844
2485
443
9990
6309
2920
2903
2745
3457
2898
1346
3671
7934
7044
3795
3735
5636
1377
5265
69
2071
3718
5416
3732
5529
5589
3371
3990
6688
9417
9752
9094
2679
4001
4156
1505
4245
6327
5267
3304
3902
3889
5577
8854
5344
6768
7026
8574
6709
2968
5313
632
1998
1174
1873
1774
3502
2752
1706
3123
8945
712
3271
531
4928
1161
2309
1657
5995
8857
2029
3418
9937
1331
1078
5991
594
9796
8666
9728
1542
7009
7089
3165
7713
4929
2961
4826
5105
6571
125
5768
4764
7213
7590
116
5480
6088
4707
432
4783
4806
9579
8305
6925
368
3208
3263
4956
8689
9212
5277
7734
978
6681
4877
9601
8137
864
2836
1881
5260
5475
9435
6723
5284
8080
4749
3418
4639
2682
9381
2111
8841
7084
2842
9673
7192
8025
1108
8928
4453
1975
2777
4926
1585
7097
7536
9983
2808
3906
5317
3208
646
2520
8060
3531
3687
2384
2102
4528
2686
3764
948
612
9218
6457
2885
8094
9609
4675
5194
5083
656
9368
1353
2301
6891
3300
9256
5467
3681
1659
4129
2099
384
6647
2099
6383
261
7549
2177
5370
1752
1535
599
9723
9110
2
5391
7784
985
3237
4278
4911
213
7657
1219
8468
3181
2415
8851
338
7818
8605
3789
2438
1217
4044
4152
8921
9774
7218
6314
9344
935
8674
1691
4812
4867
4873
5331
4107
8819
4862
1368
553
5382
895
346
6949
3925
1007
1726
6844
8936
4953
483
6206
6824
11
3495
1485
2131
9925
5341
6035
1350
1417
3946
7084
3761
7372
9145
5392
6736
5053
4607
44
8286
3841
5347
2229
9727
2590
9566
9085
5925
7290
5614
2451
3066
8307
2422
9297
5815
2431
187
8171
1323
7125
1908
5102
7303
3867
6081
4322
9589
5211
8470
6516
689
6755
3612
1186
6343
791
4492
4636
3461
6556
1535
8456
8280
8693
4087
5303
2754
7372
7796
6144
5697
364
2447
145
596
3818
6251
8095
440
4189
5729
9474
1702
7104
1919
276
4236
8502
4172
1700
1687
2656
7826
4847
6900
6618
1940
6198
3231
743
7557
3779
172
7794
8866
6388
3458
5838
3307
4503
999
4238
483
9046
5551
2277
9564
2196
7967
8730
5782
3605
2726
8290
3650
306
9806
6889
4010
5970
9798
8633
4782
9530
6869
2297
5358
6767
7784
6001
4406
5155
1700
4398
7174
1199
4863
8115
4157
1182
3767
2870
8862
2385
1085
8449
8650
3882
2095
2919
8575
719
7955
7558
7992
1757
9676
7572
7770
6279
6599
7257
5070
4474
5536
2419
219
430
2180
2946
7265
1105
3252
1364
7608
571
4881
848
9557
4050
1750
8719
1876
8799
3636
6840
5595
8784
8353
7532
7150
3530
9009
357
3189
575
3280
7886
1931
4354
7453
6191
17
9567
3614
7805
3111
7707
5701
2076
6776
213
7775
6052
4397
4573
8576
6593
8190
3090
1931
264
8033
3968
7780
154
5480
7699
2665
8275
1018
682
7920
1539
6577
9540
1495
2120
7729
9584
2650
3094
2268
2842
4697
4990
5084
1841
8885
1045
2399
8030
5318
9164
530
7424
1206
327
5691
4249
964
968
7534
3812
788
8777
8529
6169
8774
2185
5061
9142
1556
6411
5379
7514
5263
3203
5986
5342
5776
3670
7323
4359
6775
8290
5438
614
3080
3008
9342
553
7082
6047
4886
2130
726
8423
417
8755
5189
4924
4891
7304
8258
9812
9663
3381
8468
4252
6909
8582
121
2007
8935
6966
4787
5168
7021
3825
1131
4349
8706
9186
9822
6387
5383
4425
4607
692
7833
1973
2256
3199
5500
5339
992
2352
2195
6081
6663
7807
5898
7059
8868
5191
6677
3933
1552
8697
1131
9841
3437
1442
8212
4997
687
8356
3797
3275
4349
980
2432
4321
5713
3996
6427
9866
1743
9782
3862
2080
9387
9572
5461
1692
5510
5900
2750
6328
9396
8434
2375
5398
5600
4019
6326
1383
8527
7428
6917
6080
4879
1471
1868
5215
7344
4464
3388
9950
3854
8924
2288
7845
497
3628
3485
7491
1436
7957
6302
6521
3702
3831
311
3979
367
6315
7080
7118
7650
4971
4570
7694
5530
8905
3802
3658
3714
3542
7254
6020
7604
6444
2536
1907
1807
6331
6696
2718
337
5263
838
5860
8991
7636
6452
1912
4698
7550
8431
6333
846
8759
7791
3369
983
2922
4230
4923
8938
7708
9527
7074
5351
2122
732
453
6437
5272
1698
900
9094
5390
8247
7098
1578
5562
6271
3537
6153
5775
8990
7615
872
4839
3056
4901
2935
2440
3589
3218
872
583
9792
4176
6480
9613
3353
1516
4427
9372
8671
4396
4747
1154
7615
5453
2702
4951
6930
413
4341
4185
2819
1748
1704
457
6301
5988
9678
7353
9083
7213
9871
8326
8141
6809
3593
9869
2607
9048
1934
7526
7891
4738
4127
142
7320
3755
8832
3530
5965
405
5580
5200
4865
6809
80
9387
