494
4960
1694
9587
6982
5982
1926
4263
8908
325
8320
9727
7228
9556
1579
9786
9365
9531
9768
8133
1328
3949
774
7403
2743
9246
8552
5882
8734
5777
2108
5044
7451
5126
1087
2680
1597
3964
3280
6208
2206
6102
1901
6800
664
8930
2516
3049
1328
5109
5212
7445
1005
718
5068
3296
632
7721
2353
8950
8968
5054
7540
8535
1132
7050
319
2647
6993
9725
311
3417
3195
5204
6354
4653
4941
7241
3474
4360
1783
3270
3292
4679
8708
3041
6704
8726
3334
5412
9414
867
4607
2968
786
6563
2218
2985
9866
4979
2570
8055
3025
5641
5504
6223
956
2799
357
4801
8886
9619
7456
4201
1465
3171
5282
8804
5214
1080
3088
1914
3108
9143
710
6432
3595
6566
3281
9316
3284
4659
1445
7737
4313
4243
566
565
2551
636
3944
6470
2627
6685
6901
6110
4775
9068
200
3493
6884
9581
444
178
447
4331
2912
2074
324
3051
5319
673
2821
5248
5118
386
611
2199
4304
1822
9929
5931
591
3464
386
5114
2480
6243
4645
2647
1924
3144
2254
3178
5464
3602
6728
4266
1106
8548
986
5436
4268
215
3366
5519
7372
1722
7751
7430
8903
3771
6711
3666
557
5367
4120
4357
946
7767
3594
2311
1965
5169
3833
6087
2183
5393
3556
8287
1456
6226
47
9796
6087
8803
1962
752
3544
5526
8744
719
8890
8653
6383
4513
3740
1744
9559
3222
4346
9886
6740
4860
9653
2067
1519
5632
8134
3111
7348
6191
8973
5668
806
2028
1999
6347
2295
1220
4998
1333
6230
5780
8440
2078
2719
7878
5680
3199
2320
4077
8082
483
7458
8283
3750
3923
2836
6561
6228
4070
9208
2519
8719
9891
1022
2569
1203
3733
6035
4994
2826
7106
4364
6627
2994
6930
5277
5349
1396
5235
9558
431
3876
1863
3313
8674
2706
4917
1805
6040
513
9847
765
3609
5266
6824
4289
3344
4719
7662
3574
1130
781
7118
3745
4994
4799
2432
4501
6851
8080
8570
351
7252
5962
8300
1128
4572
1085
2453
2060
5953
9885
1726
8333
109
9598
2427
2060
5836
8393
7934
7378
7358
3355
2798
3511
3776
3719
1102
3576
6627
7678
6304
3235
2563
6643
7398
4256
8826
8720
4528
3970
2696
3541
7760
7751
719
971
6837
9982
2247
8788
4247
2243
9052
3664
1526
7133
1839
5424
4222
282
5771
4887
3247
1989
1700
9767
5891
2108
1985
884
1244
7429
409
2648
7815
1165
1838
3561
8129
2345
8095
4378
7188
224
9720
9045
6659
6149
168
6858
9696
589
6936
977
8104
2781
9508
3332
4791
3465
7476
2561
8905
4880
8586
1946
7363
1727
6385
5530
273
6204
3229
2277
2347
2193
6309
1692
5021
187
1579
5035
1261
8798
2240
8229
8792
5127
4103
2384
5381
1009
7089
3043
8350
169
1704
8303
4529
7181
3109
3833
951
4124
7051
6872
3831
4842
9519
2592
4164
1280
5711
1245
8548
6225
4281
3371
4850
5380
6352
9416
3085
7246
3640
7471
9833
7463
9532
4860
7413
1629
9541
688
6186
9556
1071
4843
1136
198
4133
9121
4372
2962
8023
4327
9311
458
8341
4125
2225
6462
193
6331
4827
8519
370
664
9933
9939
4374
4647
6013
6003
6133
94
865
4375
3964
4026
1176
4361
3267
2754
7520
2636
9934
3075
737
1438
7166
7159
1839
8024
8978
8623
2123
8652
9797
5556
7125
4491
1556
5102
6333
6741
1619
1749
9708
8184
379
5049
9802
7615
1211
3408
5592
9088
2039
6312
8036
7605
3041
6104
9121
3664
570
8076
3135
2312
7532
8794
6553
8176
832
1233
2235
9538
326
6485
6062
5005
7354
4360
698
1032
3354
1586
4734
9703
917
919
642
2395
4824
2010
845
2407
8701
2468
9240
895
1457
1077
5467
586
7493
9355
3875
5612
3730
6177
8640
7990
5634
2924
8218
1559
8226
1973
4020
627
7913
8751
3939
4047
659
188
2443
5856
9309
7846
2116
7379
1135
6611
2377
8345
1126
23
5107
4787
2225
910
3595
5162
9253
4086
715
743
5348
6258
6125
4437
3819
9694
818
7106
4850
4830
1485
785
8934
816
4382
9367
8367
1129
1016
5573
7649
2018
1037
6556
3341
1515
3553
9268
4937
9894
7698
1544
323
7421
9996
1591
1863
5191
2779
8405
559
7363
6090
2221
5652
8396
549
2736
2835
1659
5853
565
7455
3882
2998
1827
2986
7478
9499
4454
9128
595
7902
1378
6173
3491
3772
5770
8679
5560
6730
2713
1936
7241
1090
2489
7636
1194
5235
8598
6040
9486
9890
3872
1468
1139
7541
8346
5444
5675
139
1867
7672
6866
3863
7772
1662
8261
8884
1801
5596
1420
9252
3038
2794
9653
768
2224
4736
3962
5706
8859
9722
4297
4222
227
5740
6107
8423
4501
9414
7310
2397
7120
8976
350
76
7477
8563
4575
7881
357
6729
2286
8327
5132
6982
9729
3243
2249
6378
6105
6404
3329
866
4656
6953
1819
9486
119
10000
4427
6009
4497
7824
2433
8839
9855
2765
2655
1732
2275
525
7001
2171
3573
9041
94
9404
1484
7102
4577
8773
691
721
8468
3935
2549
7923
769
4659
7080
3249
6567
725
2333
1025
855
4834
8498
4082
1909
6675
1464
5188
9511
4787
3029
3536
5123
4638
3471
2724
7355
5772
9368
9865
7272
9204
2736
1444
2744
2258
6641
3172
8480
2173
1394
4874
8926
3074
288
2472
3025
382
4934
1644
3777
4935
4006
4144
2202
1427
9820
4317
3860
4877
1394
4990
2622
8515
6829
9443
6838
1368
5956
7391
4978
7509
7236
2415
4376
8636
3074
207
3276
4673
2324
2254
9553
4631
7273
4528
7179
3208
1246
1935
1414
2197
3509
7597
963
8495
7064
1234
6051
8678
1573
5203
1141
8189
8460
8809
3702
3991
3522
3691
5866
4025
5213
1457
3726
903
3728
1803
8752
6672
6362
2330
6751
6994
1132
9370
9193
7426
1909
82
9978
2125
4596
5126
5340
4192
7494
7126
4418
564
3489
2298
9377
747
6132
8589
8967
9627
8567
5741
9639
555
3603
5075
5567
176
8229
3158
3038
15
9569
39
1438
805
6745
6852
1403
9829
9230
7259
5899
2957
4208
5360
4388
4269
4682
6269
47
9205
7992
7048
3323
7001
8741
9882
9435
222
9993
1456
3950
2171
1303
1197
6780
3291
1228
4838
3557
9351
993
3164
8747
6212
6343
4039
919
5572
2733
7719
7009
3683
7390
2974
5998
4500
1683
8319
5639
5081
7172
8407
1026
2620
5657
9549
9483
4227
6745
9621
3489
186
9933
4713
7074
4605
5648
3064
7070
5685
9095
9224
2720
711
3600
6689
4133
9846
684
2634
1077
6123
5832
1501
2408
6116
6738
5646
1723
326
6050
3507
2419
651
6757
6099
2143
393
3836
9036
8474
6235
8298
5504
878
5018
3971
6899
1003
4167
2228
2229
6392
4242
9775
9404
1351
9614
529
4746
7345
6625
5831
656
6355
5938
145
7502
5700
8885
5832
6225
4442
4701
5560
19
3972
2213
9755
4711
7055
38
4657
3491
5617
5349
8748
3374
1861
1558
4663
8296
5798
9761
580
4888
3975
635
7750
483
4494
9702
9355
8128
9489
2344
6590
8415
6014
400
5824
2058
5811
4936
7310
4231
9369
3764
8894
5830
8310
7927
6821
7294
8545
5138
601
6688
3404
217
2449
2894
7561
1568
5078
7562
9462
6204
9826
9950
1017
1500
9545
6306
4868
60
5109
4439
6184
6845
9565
7044
9033
4120
3688
1198
3722
474
6911
5131
9336
3873
4845
9095
6924
1712
7270
5778
9034
5704
5277
1482
1262
3458
8218
4167
1397
5362
2362
9410
8785
8930
9705
5888
7299
4245
3342
4613
4219
4474
3802
6310
1558
579
6272
5863
9375
9818
4187
9793
601
2346
3507
9711
966
7003
5627
7224
4619
9855
6833
6583
1405
2566
2356
9036
4205
1639
2126
2368
5833
2219
5425
583
6521
9620
8602
6864
7356
3112
8090
7961
8128
6282
737
8964
6705
3574
2668
4805
94
8948
8775
4248
9488
7764
7785
5059
8516
8801
9946
6276
4753
8218
5690
6472
8532
4535
5376
4140
8800
9758
9732
6109
5524
3740
9226
8775
2210
7708
5884
3378
5833
3052
6553
711
4775
9588
7921
5046
7834
5220
4703
8467
3459
2861
6663
6883
6369
6698
2533
5508
5925
8416
4324
5594
9881
7962
1173
7020
3825
4595
5246
3619
2776
6322
608
2244
7304
2473
7351
9616
4348
5241
3818
4538
7091
1337
4201
5061
262
7035
8575
9962
7824
9486
1315
4533
9654
4415
9447
199
3704
814
6686
2012
9117
1388
4220
2963
5738
7301
7548
6333
1295
8644
7374
960
5865
4030
2983
8769
9922
368
9419
9920
925
3221
2337
5803
8753
8024
1477
5960
6937
7395
4068
1814
8180
8944
5091
1851
7213
1856
6293
1316
9443
9886
3980
1455
3313
9914
5352
9888
1634
3079
2685
8657
6858
3469
8392
5011
6928
2269
3705
1575
3920
4355
4363
6530
3579
625
6191
7001
484
993
2270
4178
6836
3673
1031
1395
8981
4537
4416
3527
7652
4565
316
3615
8600
2287
3674
8784
9586
6983
1647
6607
1660
8682
566
8067
1739
6977
523
2706
7031
1759
4814
1937
8683
2563
4456
9041
9510
3415
365
6050
8837
8171
7442
1809
7996
9828
4696
8823
6366
4426
104
1608
4540
851
1022
5941
9673
4358
5436
8427
5600
1037
3095
7538
964
963
9052
89
7977
4641
8624
7751
9955
6774
3383
8119
1074
6192
5357
7535
1955
1083
1045
3066
9416
5964
93
4976
1944
1831
4569
7507
5837
5518
7982
9282
7129
9219
3675
9878
5964
7271
4531
4098
2225
9648
1295
447
9208
1490
95
1079
4555
7151
3750
7354
5482
2653
8033
4854
4567
4290
1106
7833
637
7767
1476
7668
4777
978
7915
780
8992
4892
9993
6008
7946
240
1932
2660
5387
8833
6562
6521
8977
2946
2093
4360
1209
3548
1760
1622
6366
5507
2827
683
351
1054
9317
3144
1622
6820
887
3463
8637
5645
3954
3543
4411
6262
3506
8711
8521
6206
6170
5472
5902
7955
29
5362
5758
315
7837
3880
4732
6545
7492
4313
3198
1103
2594
2185
1101
7688
7224
476
5361
6193
6393
7340
2586
5006
3363
9566
7752
6611
1555
5703
6777
8777
2919
90
9222
5185
3727
9037
2434
2240
4549
6771
2754
224
3244
3898
9451
8995
3002
298
7082
2963
1955
7064
1923
8993
7503
610
3632
8963
2537
1853
2978
5073
8755
505
4285
8908
56
9422
1806
3633
1510
3949
3242
6436
3518
1797
1295
7095
772
2765
1927
6909
3214
6016
5217
3727
7875
1040
6351
6800
8432
8905
13
7103
936
2834
7656
1741
3585
5258
5606
9416
2318
6383
8196
7603
8165
1963
2698
6160
1298
3770
591
4631
6363
7928
3657
763
2937
5739
323
7551
4822
5993
9245
114
5230
8419
8009
9265
2760
5467
3646
1080
1770
3799
1176
2269
2108
5055
1009
9223
3181
1330
1647
6138
4325
2403
205
5131
9042
3528
5946
8651
9965
2110
3759
9759
7414
3761
9032
4955
9953
7633
2094
3213
895
201
9799
2863
237
356
3764
5820
476
5108
7675
9284
1660
6550
7749
9500
7037
429
3303
6866
4036
387
8731
3125
9519
1914
5806
6481
4987
9052
3809
105
7862
4056
550
2414
2428
5056
4578
7276
8928
3689
2159
1921
6157
9380
1439
2580
4363
5290
8023
9317
3580
6563
5710
9797
6543
6987
9332
53
7436
5672
8571
6370
6130
473
9056
9787
4521
5998
5448
1979
3191
6603
5535
7085
4150
9492
7874
6692
9604
5951
2031
5381
6330
7038
3530
423
2735
4633
4507
7899
4915
5912
342
6237
9128
853
6214
4524
4915
2224
250
6833
5937
6463
638
8801
6159
8431
6566
6099
9963
6884
2020
8969
2172
784
9371
821
5089
1228
7911
8998
6988
8730
8549
1027
5301
7320
7289
7514
3895
7847
2943
6220
1297
1679
5086
9259
8505
4402
89
2660
4096
7143
3657
2679
5618
5246
3393
2931
986
7722
8057
5448
2218
681
5319
3052
8506
6452
7807
6596
5328
3274
8169
161
6124
3622
704
2563
6072
2138
2123
7368
6822
4073
6907
662
709
109
7133
7689
6411
8144
1993
9205
8929
2012
6156
2223
4628
811
2360
4782
3904
6048
2662
7593
8554
5043
3259
8410
3961
6408
7627
2089
6776
2458
3865
3511
794
3523
2582
1722
5206
581
8844
1374
4461
3813
2985
8783
5415
2975
2223
9150
9790
7997
9835
8298
4546
5645
1550
9573
4896
3226
6415
6187
89
9173
1276
3755
1578
1153
3380
1577
2294
7614
5449
8282
7422
1024
3945
3495
4372
7408
3131
2832
647
3566
1778
8774
3913
8030
1013
7486
5016
831
7191
9614
5928
8007
688
837
3697
1464
8145
3962
7962
2145
9292
5831
1617
9605
1372
5713
5727
5498
5035
6859
544
5886
7149
5060
4143
642
1311
6928
5899
3461
8946
1473
5189
8821
7164
3089
6241
1418
5330
9368
6107
4919
5216
9049
4152
2724
3241
545
4541
5879
4011
1968
597
8530
2597
3817
6897
7117
2174
4438
3138
588
5288
4977
9564
2996
8401
6153
2630
49
8499
3795
4883
2411
9160
3751
6356
9295
3216
3531
6892
2496
3793
8804
6908
9850
6583
6316
3265
3192
2697
8689
9799
8209
9945
765
135
6230
4048
3237
6224
715
4797
4305
1453
3325
6177
8142
316
5782
2880
6540
8094
180
6862
2460
6325
3764
9361
811
4395
4169
8543
7890
3506
7270
9134
3432
3293
4539
9475
373
2984
1746
2953
3927
1785
2162
9707
4554
4646
399
9819
4960
7734
3540
201
2942
9165
9593
4820
5389
8432
6859
2097
5218
5898
2646
7437
1438
4860
7724
7980
1932
8426
9115
5512
1083
5704
3788
2826
1198
1682
7790
8895
727
1000
6712
9940
5475
2449
5116
2733
1643
4428
8053
7128
3189
2732
8012
1674
5303
741
7763
5679
828
2852
2080
1480
3340
6288
916
7294
4575
6746
1493
431
4032
6384
7682
7489
144
9592
4047
6956
2327
6401
6480
9262
3445
7428
3455
4481
7547
4517
6814
3120
1090
8287
7555
4077
4524
6288
9923
8502
8957
8113
2977
4347
6183
7666
5538
5656
5394
5742
1886
234
6069
3587
6569
479
9739
1739
4281
5350
8664
7914
549
5523
1816
8341
7750
2636
142
1732
8287
9303
420
1780
9352
3261
9320
5391
5436
1159
5183
3960
2322
9841
6506
1782
9721
4121
7348
2528
1056
592
2472
1686
3726
2203
5171
7553
6605
4609
8408
1176
9873
6900
6201
5793
4033
367
850
5771
1888
3452
5501
5357
5985
8036
7548
4463
7117
8140
5816
3624
9301
849
1165
1204
536
5413
8130
1424
1053
436
687
3582
7463
8840
3889
4698
7598
2283
3332
7685
475
2983
4728
8994
6449
3459
2471
3231
7406
7762
369
9935
157
6539
3872
8525
3191
7028
7172
8157
1850
5846
8162
2928
6136
9624
3483
2259
6745
913
3046
5951
8247
7371
8764
2508
6708
513
104
7612
5950
346
4600
2058
8578
6342
4039
346
2621
6675
762
359
6533
5103
6539
1446
2849
9137
961
6692
491
2960
3820
607
1564
574
652
1446
3418
106
8292
5191
2409
7739
992
1554
3362
8541
2097
6812
3796
4585
8647
9663
3017
6811
9745
1868
5043
9908
3790
6302
3080
33
5520
4751
2541
1440
4603
3910
8296
4030
7952
5880
8132
4898
139
4802
8589
7205
3582
1207
6858
1805
5750
1190
138
7520
6759
331
5898
6077
783
3828
2665
2299
7243
6057
3257
4437
178
4445
6392
7817
4372
6013
1185
3293
2066
7603
9938
9447
2499
3568
9227
9456
5011
6722
3772
5383
9959
9561
5945
5830
6926
8878
2800
3294
8509
7190
3407
6483
4785
5430
1816
4764
1800
92
7982
4391
7344
857
4429
7354
9915
9896
9530
7629
2971
4183
662
155
368
5151
8032
6995
5594
3768
2099
2907
1317
2486
2911
4487
5150
6461
5228
1946
2003
6748
9330
7048
4928
2153
5708
4757
946
1214
9097
8664
5923
2103
644
6084
1520
9344
5156
6046
5103
9871
2447
6252
7944
4909
7497
925
3832
8717
8110
2940
9614
736
7060
7590
1296
2102
756
4243
3983
1632
394
3301
2201
7690
8323
571
2464
2818
9503
9311
5018
8456
5003
4639
7540
7723
288
2800
4347
7883
5282
4886
4670
270
7932
1874
7095
5386
245
454
7599
1140
2881
9822
6716
442
3237
6967
6500
6582
2997
8258
4453
5833
1891
118
3069
4989
8113
6427
6222
9567
2143
8046
446
9269
1869
4108
5258
6608
671
7341
7606
427
4185
9467
3950
1236
3047
698
5793
9446
4358
9495
1189
3329
9052
1158
3188
7852
6176
96
3980
3507
6883
7395
9688
4878
9708
3850
1848
6655
9607
5001
2654
1599
7380
1901
6245
1776
737
9084
758
9457
3116
4277
4969
869
7244
2595
8566
2122
801
5654
1215
6666
7670
6014
5898
7713
2655
2431
7989
2863
1933
1235
2482
6598
5243
4032
6785
6076
9075
2895
415
5714
3902
6224
8173
5899
4063
4062
7561
9526
9688
9081
2929
1844
7060
947
9449
4282
4622
3880
4476
3743
7448
365
9976
972
8334
1754
5005
7111
4430
44
7485
9729
6174
7118
2829
689
8056
1294
1490
1515
6413
5100
4950
6810
6300
4037
3999
3191
6347
3475
1140
5527
7050
5539
3607
1212
6819
4927
2724
4072
7846
6862
8963
1183
5656
4374
2752
7240
7612
3913
111
7731
6837
3755
7507
2723
5813
5573
1779
8486
3654
3031
1546
7576
3840
9214
4999
6621
7294
5748
649
2365
9000
8696
3765
4606
3133
4862
5242
6769
1138
2553
3527
9211
3062
2224
7810
6763
7957
799
8751
312
3226
5341
4371
3086
1058
6603
1194
2131
209
7101
7061
7212
1588
949
2349
8036
8400
1150
885
3692
7763
164
3680
7793
1369
6993
5878
8519
3518
1908
2208
9249
2989
9540
3827
9960
5828
5899
2965
927
6170
4212
6541
8097
5449
7274
6230
1092
7330
3177
8034
1114
3562
1867
334
3737
8054
1429
959
346
4717
8943
4311
6215
5316
2896
1221
9824
8504
5284
7638
5842
5720
9310
7385
9029
9743
6943
8741
2910
2084
8224
7851
8564
5496
3501
4518
9676
6717
1205
4793
2740
1622
3528
56
3667
9042
5715
2697
3621
1976
3551
8975
4626
9016
9310
9682
5256
3967
3271
2711
5233
6632
9650
8227
3395
5516
8095
9682
967
372
3333
4392
5769
3894
8909
3090
8869
6665
2446
1584
2288
4148
7171
4885
913
1331
6815
4884
2846
2767
5633
9105
6672
3054
2600
1331
7096
8901
8893
2722
443
5797
1594
4204
1471
552
6084
6563
9411
9188
3978
3381
9153
2109
8270
5187
7342
8264
2298
9712
3847
3170
2079
7868
1464
861
3090
3477
5374
6054
220
3937
3964
4067
8094
1528
8541
9546
4311
439
5342
6300
435
6232
439
3945
4537
1592
6257
8822
7639
6419
4786
5002
1701
2994
1691
5404
5177
7186
2970
6903
3300
2308
3038
8996
6130
9560
3317
6158
1017
4628
4983
4120
7968
4775
1742
6706
1879
8861
4618
4880
4166
8488
6032
1614
2650
9120
2745
7858
8048
8161
9152
3578
6892
669
8568
6359
3694
2123
2934
4762
3646
7087
961
6717
6442
4633
2616
5485
7412
3196
5655
5990
364
844
3996
1951
5697
4594
6744
8913
618
2911
5457
1905
6895
8563
4330
6344
9991
9652
9098
7204
6515
9327
297
7537
8694
9000
6942
2950
5118
2067
118
2822
8278
7532
3149
9338
8858
425
4665
3134
4046
8835
2152
6486
8334
2042
7672
7971
4528
9620
2888
5989
6435
5693
5381
9524
8208
8229
243
7697
3315
5860
4356
2110
9211
6119
9686
8702
8666
8493
3835
7906
8981
7671
6806
807
4265
849
7024
8418
3662
5307
6236
8491
4327
8609
8530
8995
2089
8627
8003
7849
6170
8395
7023
4126
1028
3338
4871
3851
27
5267
6877
5007
5529
9584
3166
5750
5426
1823
8026
3160
770
4946
6057
7226
9772
4460
3056
6957
227
4207
3549
4893
906
8665
7089
9724
7947
1682
1327
3000
9784
952
4310
4568
1069
674
9707
5954
8451
2631
5207
8648
6261
4437
9922
9024
9404
6474
2145
503
5257
574
6746
7278
9631
8423
3569
8111
1088
5964
2412
1921
2403
3236
7472
6723
9570
8097
9812
5615
9422
4705
1176
8002
401
2975
6413
5857
5728
3610
136
2399
2014
5914
4386
9583
4456
1635
7217
7533
759
2379
1075
3472
3637
8229
7149
7370
8818
4983
4637
1193
6168
5457
5042
9156
5372
5538
1917
8589
2406
2197
1827
8701
9420
8547
6158
7446
9716
7946
7862
4840
225
2441
6476
4350
9980
3387
7066
6087
4469
4371
9232
2353
4501
6604
103
2715
2110
9515
8840
1636
7036
4342
4036
9662
7802
1688
8005
1294
1534
1785
4369
966
5994
5855
3939
4408
544
3156
3195
6553
7550
8944
7926
4890
4673
5654
1871
1037
3687
3251
832
7521
1476
9127
4886
2151
1997
3425
3511
5973
5400
1900
2155
3074
3298
3955
3454
4046
3256
8837
5019
8815
4874
2347
7847
3148
4948
5825
1599
5902
4221
5974
4722
91
4681
4499
6375
6501
2350
5261
8375
888
2048
2699
4334
8711
188
2635
2705
826
3296
3984
2722
2859
5770
5267
4798
670
252
4100
9455
155
7114
8575
490
1109
2477
2299
2111
2708
1285
3014
7479
818
1009
283
5456
3461
982
4837
5001
6456
7193
8342
5790
8030
5660
4477
6631
8990
5610
2977
6419
683
6964
7340
9410
6125
5783
9668
4465
7103
7170
794
9309
7497
3640
3993
6986
2837
3051
3678
3309
34
8028
7662
2560
669
948
8317
4693
9372
9195
5990
6935
814
2229
2598
4758
4692
9013
9407
7049
4016
5349
6906
3186
8479
1942
625
4049
1459
2613
9102
9981
6834
4543
7236
54
6900
856
8038
5214
8493
5468
5081
9798
1261
2406
9094
900
4166
3043
7806
3912
6019
4863
3250
5561
5387
9703
4556
6046
4259
9103
3380
3333
2447
7009
8202
6774
7360
8975
1369
4210
7151
262
8911
9529
431
9721
266
8574
9261
2842
8807
2209
411
9639
625
2928
4347
5633
9589
1384
4270
9705
8653
4721
7402
7052
3354
9935
307
5903
3556
5456
81
4823
1390
6002
2994
9731
4352
3909
5696
5015
9692
6470
4878
8366
9928
3951
898
8193
6920
3911
3852
3102
7223
6604
5527
3076
6487
9495
6711
3124
2449
919
3256
3957
9437
1013
5726
5226
9398
1720
1771
3481
7915
6607
331
7115
2411
6281
9920
7663
2057
6437
2609
3329
7889
4512
5658
5179
4239
9398
4977
3697
164
8226
3771
6819
1258
1866
3432
2596
2571
9205
5452
2673
3454
7183
8834
6723
9862
7166
7019
6129
9345
5294
7264
1284
7219
994
1671
3327
6562
3165
2376
9504
7975
8519
5612
4587
7143
1460
9014
2847
1855
3261
898
3714
9812
5549
8406
6200
7835
1093
1159
5694
6510
641
1850
2608
6467
2687
2293
772
5528
3479
3940
7166
1594
7810
6850
5302
8926
6698
7016
5236
9379
433
700
1900
8430
7819
950
9213
2332
617
6698
9723
5910
132
6321
3502
4246
5447
257
5842
4250
1772
1975
9000
7301
574
6156
2891
5500
6334
9316
9919
4189
4444
3044
9776
8989
5919
5133
6231
6319
7247
4788
718
2050
4645
9918
2656
7850
8694
421
1952
6695
7733
3541
798
9366
8797
7982
4376
128
9981
9008
5058
2415
2516
1507
8299
3841
9830
9828
4767
4451
8445
2723
1803
8016
7073
5942
3375
2022
580
9448
4486
310
4160
316
630
8429
1189
4066
2476
827
8166
9025
4687
6559
9610
6539
6337
3136
9752
2804
3973
3684
6337
2298
2956
7052
5593
6872
3945
2812
277
4565
4596
5967
2182
9195
7518
4437
3490
937
1995
8548
1473
716
751
3148
7329
3966
6821
2218
9242
6290
7151
3335
6498
1795
7988
2501
4881
8693
5335
6027
3174
7639
2631
6540
8761
7683
8088
4427
1978
3193
5993
2316
7377
6188
4078
7272
7912
6161
3753
8021
8970
1995
1773
5992
4634
550
5579
6324
7049
7638
9375
485
7544
5996
8253
3393
3622
1290
1175
6484
5953
5477
4113
3759
2097
846
4210
6971
6618
6448
8957
9776
9871
7540
5860
8941
452
2945
1499
2647
3163
4307
4203
1838
1937
3077
4833
3698
8354
8795
2350
6617
415
3515
3121
1939
8605
9272
9707
3600
790
2036
9000
9585
113
3030
6853
1523
5412
4759
7425
2822
665
4948
1711
9059
3334
2328
2211
6048
4756
4836
3674
5371
8640
2578
3134
996
4840
9251
1534
1260
3818
5482
3770
8241
2665
3549
462
1309
2558
3892
9154
8743
9812
6109
8343
7614
9172
8779
8442
4584
654
6172
6827
1750
2167
9726
7338
2129
4710
5657
5123
6048
4018
830
9617
4015
7274
2988
2382
1104
7828
1237
9712
5109
9431
3660
425
4652
6194
5330
9598
8424
2403
6355
9046
5666
8368
3460
4676
9488
7692
5252
4860
9885
2317
4553
8940
8994
1136
5132
8645
2381
485
1720
8592
581
4445
5999
3948
8062
9124
2610
1593
2810
7580
6966
456
8696
8438
7890
9466
2442
4895
3114
8625
707
2988
9611
1981
9026
7761
2622
9957
369
109
3332
1437
2106
7207
9206
6769
3836
4607
9244
3179
1755
5639
7130
1131
8024
8067
2208
5337
9136
2259
789
544
8147
3459
5970
4189
1134
3651
8030
5704
9889
5571
6548
1323
7876
5214
7960
4245
6569
8985
7416
1830
3023
9153
6227
299
4357
387
1961
7184
4170
7577
9384
3967
5841
7526
3360
6407
9915
1769
3699
881
37
2212
1502
5415
6976
5983
8714
4776
4634
3954
7073
3701
5097
4238
3081
9341
4827
6697
4626
1439
2687
83
9515
7996
347
7680
6994
2229
8347
8977
5407
6819
5838
947
4622
719
5165
431
8315
8275
2834
9880
2624
4582
3042
3957
9744
3963
5323
8681
5609
7704
1426
7948
3150
104
9074
29
5013
2975
1133
3327
2218
2443
3080
1736
5875
4989
2864
3109
4294
9167
2017
1160
3646
3493
5884
9524
8531
4302
9765
1446
6338
9512
7587
7358
104
8448
881
8213
1316
8496
3257
4843
1674
5958
5724
7818
9622
8124
7285
787
7968
2675
8247
8123
1003
3770
4494
1456
3751
432
3635
4196
2746
9264
3230
113
944
5984
6765
9219
9387
3320
7887
9752
8361
2634
5159
5002
4788
2062
2882
9152
2946
1910
24
8680
7697
5248
637
2187
8638
2616
3696
6389
5100
4903
5767
4623
7368
5942
1218
1818
3664
1635
216
7238
2096
9683
4033
8369
4246
4722
2190
7231
7523
8507
3137
3709
9343
3455
7482
7488
823
4167
817
8331
2808
1373
8231
8149
822
6354
1374
91
9503
424
6571
9602
9016
6207
8628
4140
3020
109
8663
4240
4463
4297
4392
6251
5013
5217
3561
6325
4167
2115
3418
4708
2491
1686
2527
7182
8662
5512
5489
7221
2885
6674
5007
847
137
486
8654
1358
3417
5706
7638
6910
1343
1087
4479
431
9853
5375
2887
2437
8540
8248
613
6870
6252
6633
5289
7939
1815
4893
1019
1639
4655
4121
7050
2139
2467
4613
1728
6160
5785
3106
416
9218
3885
8269
6607
1859
5831
8911
6282
6869
4319
8021
7066
9329
5046
4981
7739
5538
5979
2931
2280
8902
2530
5009
7185
1507
2449
340
1013
9222
5615
4837
5499
1150
472
7120
3721
4189
8475
5885
376
2187
8479
622
4437
3494
7781
3176
8387
2187
8797
5572
4033
5804
2792
8884
7270
4823
7429
2947
730
5156
9823
1666
8915
9582
6083
5550
8148
6367
6956
4022
1899
7772
873
2886
492
2152
5821
3783
5091
1914
7291
2440
9245
2378
7224
8629
2232
2119
7458
62
5368
9995
1007
3853
1804
3906
6620
3259
5818
5980
5342
8537
5784
7441
2225
7047
8900
5791
6985
6315
2344
5530
6660
9577
610
5820
7791
282
1613
5299
7728
3861
2497
5603
2740
3571
7804
1283
3101
961
6660
5035
865
2987
3335
9140
3694
2152
6242
9975
2707
1303
5781
2599
7691
6010
9079
8844
3047
8368
9294
2540
3400
843
4214
2544
337
5432
539
797
5260
8280
5457
59
2169
177
7104
4257
5881
4322
616
6341
3170
9642
4846
1253
8191
623
7542
3904
3201
3835
2151
3894
6528
9818
6488
8811
4669
3046
1637
6896
9371
4200
9315
4836
6211
6365
1147
8663
7576
1157
4627
204
1729
827
859
9960
8375
6384
5366
4082
8974
2700
9694
6189
947
3354
4630
6043
9483
2131
3930
8179
9317
9886
3269
5143
2662
1582
9625
6980
3777
3024
3322
3948
6594
863
1814
1082
8738
2014
2402
7623
2046
5902
2656
5804
8237
2322
2862
5546
5469
8960
7989
4492
7251
300
7610
7082
4305
2968
8333
1899
5515
5568
2373
2951
6083
1080
3092
8907
1018
1393
6779
4710
2982
5283
7043
2096
7840
8167
6484
9287
2497
6989
8637
1278
9133
9996
5193
4972
2260
914
2111
7700
5965
3707
8029
2308
6097
582
8671
5893
4753
9281
8426
4307
1141
6273
1180
8599
7142
503
4643
7362
2997
3274
4528
9021
1164
5767
4123
3199
6687
7036
839
462
9106
8325
6395
3860
1561
2075
4931
6929
429
2177
9047
5715
1543
6955
5662
8250
1155
3052
6597
4699
4998
5623
9678
8454
9369
9994
144
7334
3345
619
3021
6971
3337
1629
8003
9449
3246
7670
5346
516
1119
9571
6527
8849
4507
3156
879
9932
4618
256
9237
3664
8340
7323
1710
584
914
550
1433
794
9747
2668
8907
4586
5561
2223
4798
7784
8730
3264
3890
1162
6962
5312
8690
2170
6190
3095
5816
8373
8774
6653
5653
8457
8689
6175
2781
9177
6026
6750
1426
9616
3519
8373
1224
4168
1863
5170
2998
4448
9878
1584
8091
6012
7606
658
4818
9964
4225
7665
5534
9728
3501
3993
918
6453
260
7151
4429
943
8359
4423
2519
338
5545
7276
8786
3858
1837
4866
1195
8185
585
6722
6175
7450
5357
6844
2673
4505
8411
3214
5891
3933
7384
5785
6838
7311
8098
9711
865
9596
7420
4132
4860
1930
5730
1021
5829
6240
5547
9824
7553
