6281
7107
497
5070
7444
87
8208
7831
1147
4871
5889
947
796
9613
1080
3110
4016
4884
404
5431
6537
4620
6093
6027
6195
2118
7654
5551
464
5320
7779
7735
2353
4940
3002
5494
2778
7546
7244
4218
2677
5343
6940
4442
5499
6919
8663
6425
293
5308
8887
6028
8270
8186
908
940
8348
8974
3814
9868
1649
8805
2821
2148
9928
1716
5502
3330
2694
8847
4865
9751
7754
6271
8310
5827
1313
9192
7128
2271
601
3978
8949
7868
9630
6696
4785
6257
5354
4312
3124
6489
106
2842
8320
559
8566
1327
2440
5336
