6883
857
9105
3096
8798
8076
6014
1957
6968
220
9095
461
9122
6051
5954
8507
5303
7915
6266
2497
9757
4575
5188
9053
6184
8032
8104
7894
1593
7013
6907
6538
1287
1456
5091
6708
6430
667
2721
4395
2789
1786
98
2959
569
823
2939
2121
7912
1493
4639
4348
5290
9931
8824
7540
5969
5846
2648
1821
6972
7211
332
5945
8041
4258
7531
4888
4686
4892
4116
6409
172
4819
8886
8341
8959
719
8755
7927
1829
5562
5509
6634
9702
7416
6936
9783
9513
3356
6049
3962
1124
7473
9211
4606
6653
9946
2209
2099
9407
5719
1032
3131
1633
4798
6298
3559
8318
8501
9273
2672
267
5875
7765
5731
322
9892
1609
2851
677
4663
3019
7464
6196
5404
4596
7122
4528
7128
3545
6654
4726
7970
6547
8704
8747
8706
6939
9195
4782
6254
6246
8750
2545
2696
898
3398
4362
8817
8421
6485
8438
8083
1025
5864
8345
6994
1969
3428
2609
5790
3592
1922
233
4027
6921
692
9583
1859
7422
6333
7016
2478
7825
3311
1895
4141
4582
9175
4438
6494
3718
5518
1450
7229
5303
7516
9477
5740
232
5213
968
1243
8089
3109
4264
9708
4112
8851
961
1697
9048
8624
3812
9341
9115
4686
7006
6717
2446
9275
3985
3919
1795
5760
3458
306
5375
2520
4811
9487
1439
2954
6569
6178
5943
2762
1373
3772
7982
7750
2254
7887
8667
3782
3685
9136
8468
4002
348
8819
769
8385
6069
8065
4102
877
1142
5851
6866
1578
4336
411
239
2080
9129
1808
2117
9213
8058
4318
9436
3567
9886
1897
1283
1721
9189
5756
2680
4028
6801
2608
7807
8202
3374
9012
2566
8561
5702
6310
9130
6142
4706
4215
4539
2218
2130
6054
927
5078
4056
6614
1149
2308
1639
1645
3249
3277
5775
1724
3666
9824
3016
4525
5882
8286
8952
7620
867
2676
6631
4883
9851
2140
7840
8714
4690
795
8793
8585
6022
7952
1845
5625
1065
6921
717
405
8454
9484
1491
4432
9618
8477
986
6236
1295
8419
4805
9008
6584
1433
5349
8366
2678
6961
434
914
8317
790
164
8744
4084
179
7178
8315
9579
8479
3040
685
7311
7158
5637
8177
6906
7266
4191
4243
9575
3892
385
7482
626
6846
8125
1070
3630
8735
7826
2798
68
4808
1253
2821
6172
4263
475
2836
5439
4010
4589
5739
1964
532
9974
4029
982
4127
5815
5008
9090
7285
3342
5079
7745
7599
2015
1415
8284
4939
6497
5537
3488
1026
4983
4174
8954
2744
7863
5700
4903
907
6803
6511
5089
1297
5808
6741
9419
1664
8833
7580
5282
6234
1709
877
162
5397
8368
9202
7671
5737
8723
9921
1390
3212
6660
6336
4134
8647
4531
8689
6028
702
178
5108
1702
1184
1297
1157
8520
4137
9463
3728
2557
3764
2977
4289
5329
8215
4336
7742
3467
1860
5355
1023
7826
8662
8787
5715
9406
5203
3618
3300
799
5752
4245
2749
4943
7453
142
6343
2920
1822
9729
3645
9618
1288
582
7621
9869
8197
298
3549
7377
9848
3915
495
2744
1725
5138
2802
3925
6618
434
7332
488
6192
9020
5992
5240
6345
6407
6287
2296
690
3917
2609
225
1487
4304
9797
2370
7031
9793
1845
6462
1267
6309
961
4443
3955
6630
8022
737
1105
6487
7771
165
3223
6265
2087
8616
9304
5056
4888
1581
2439
8142
9054
5058
7949
1911
8272
4875
1988
5678
9599
610
324
7687
4877
2795
4835
22
4125
5280
160
7602
4597
2496
506
5155
2146
8889
7973
7864
7646
2385
8939
8441
1875
958
8597
2336
9574
2322
8376
6076
1832
2649
7238
1756
9660
279
3805
9121
9438
1290
7818
2411
1107
7267
6698
4358
626
5302
7904
8057
8217
4732
6220
5613
5147
9786
808
5346
7514
2172
4207
133
576
8034
3713
8677
6255
610
1145
935
195
7675
5818
9979
5185
1019
9128
5715
1781
8579
7759
5830
869
1710
9183
5252
4080
1513
2628
3890
409
4538
4175
3140
9657
2555
771
3471
3701
4387
8304
7418
7611
5225
9819
5112
857
6234
1635
4507
2891
5693
2542
8630
3742
2409
5480
7492
5913
5741
9991
6162
4778
7476
4393
5614
1140
8730
4145
7342
5076
5939
9479
1520
5263
2916
4001
4302
5459
9290
2832
2391
6787
1462
2022
7122
5703
7877
7628
6413
5031
8794
2677
8165
3033
4083
2999
1491
1222
8900
7958
8245
7448
9849
6638
6945
1111
5165
6922
272
1048
5977
3949
4691
7137
3241
3777
4111
5909
4675
6098
7754
4504
2862
7844
7262
7122
4488
9048
6821
6478
5239
550
9920
5127
6928
9765
7305
5175
8169
9430
4570
8962
9659
2944
381
1463
2855
670
2975
688
9387
499
712
6061
1052
9621
1633
824
9486
3632
4511
4446
8151
1112
459
6369
8474
1659
5044
1353
9119
7438
585
938
2395
5825
9608
4911
4374
6673
7784
926
8155
8986
5967
43
8039
9294
7499
6715
5151
2193
631
4338
2201
5970
675
5647
7167
3033
6910
9503
2935
3949
9886
7463
1950
8790
1239
6614
1067
3526
9140
8656
5561
2730
6116
6989
6279
1328
3866
5116
9934
5576
7857
4538
692
9787
6319
5241
2941
8484
6251
9806
1276
7371
635
3897
7481
1626
3865
4747
2425
7706
6332
9540
6760
1479
3380
9464
6883
535
9266
8715
4379
4356
7792
3699
4220
545
6800
4784
8478
6296
9804
1086
8920
1285
8443
8416
2264
5104
372
9351
922
7438
8278
8054
8688
95
1911
1910
1168
8758
1757
5664
8937
3923
978
7738
641
8793
1444
1288
5559
7055
6505
3947
8037
1506
1836
9506
2627
6099
6465
1740
3889
5578
8620
9932
3329
2494
9200
6732
3025
8366
9714
606
6062
6372
3640
8592
1517
8566
8793
2267
6949
4976
5641
872
7116
8104
9814
3311
6138
4093
5939
27
5872
7158
8164
1863
2275
5451
3711
37
7738
9458
9679
8543
3921
6264
9046
9359
4055
4932
9264
5440
8650
6681
3046
7849
2033
6360
2039
3023
7356
6153
