1
2
3
4
5
6
7
8
9
10
11
12
13
14
15
16
17
18
19
20
21
22
23
24
25
26
27
28
29
30
31
32
33
34
35
36
37
38
39
40
41
42
43
44
45
46
47
48
49
50
51
52
53
54
55
56
57
58
59
60
61
62
63
64
65
66
67
68
69
70
71
72
73
74
75
76
77
78
79
80
81
82
83
84
85
86
87
88
89
90
91
92
93
94
95
96
97
98
99
100
101
102
103
104
105
106
107
108
109
110
111
112
113
114
115
116
117
118
119
120
121
122
123
124
125
126
127
128
129
130
131
132
133
134
135
136
137
138
139
140
141
142
143
144
145
146
147
148
149
150
151
152
153
154
155
156
157
158
159
160
161
162
163
164
165
166
167
168
169
170
171
172
173
174
175
176
177
178
179
180
181
182
183
184
185
186
187
188
189
190
191
192
193
194
195
196
197
198
199
200
201
202
203
204
205
206
207
208
209
210
211
212
213
214
215
216
217
218
219
220
221
222
223
224
225
226
227
228
229
230
231
232
233
234
235
236
237
238
239
240
241
242
243
244
245
246
247
248
249
250
251
252
253
254
255
256
257
258
259
260
261
262
263
264
265
266
267
268
269
270
271
272
273
274
275
276
277
278
279
280
281
282
283
284
285
286
287
288
289
290
291
292
293
294
295
296
297
298
299
300
301
302
303
304
305
306
307
308
309
310
311
312
313
314
315
316
317
318
319
320
321
322
323
324
325
326
327
328
329
330
331
332
333
334
335
336
337
338
339
340
341
342
343
344
345
346
347
348
349
350
351
352
353
354
355
356
357
358
359
360
361
362
363
364
365
366
367
368
369
370
371
372
373
374
375
376
377
378
379
380
381
382
383
384
385
386
387
388
389
390
391
392
393
394
395
396
397
398
399
400
401
402
403
404
405
406
407
408
409
410
411
412
413
414
415
416
417
418
419
420
421
422
423
424
425
426
427
428
429
430
431
432
433
434
435
436
437
438
439
440
441
442
443
444
445
446
447
448
449
450
451
452
453
454
455
456
457
458
459
460
461
462
463
464
465
466
467
468
469
470
471
472
473
474
475
476
477
478
479
480
481
482
483
484
485
486
487
488
489
490
491
492
493
494
495
496
497
498
499
500
4839
8359
3419
6793
2650
9931
4770
4133
377
4545
3521
6412
7537
6389
5756
3581
3178
5285
921
2414
1377
2483
3488
8005
2385
262
2918
6868
3510
193
6246
259
3159
9736
9486
3000
5336
694
3924
6444
2038
6866
121
6260
919
6565
4131
663
1154
869
2141
2307
3848
9575
3349
6265
311
1702
2722
6126
8199
4010
6768
2754
9053
8680
7752
3928
8754
2176
9218
4734
1301
3679
7038
3003
3033
5436
715
6401
8935
8160
7121
1402
1516
8979
5902
8074
4873
2100
8271
5863
1338
4489
8874
8643
0
6023
4926
5965
5977
5761
4124
9494
8989
837
5244
107
12
7196
7653
9645
5227
6681
4162
3038
5716
2459
9410
6442
6322
3948
4671
6148
5192
6197
5154
3106
6707
7331
8135
8177
7857
3812
7973
13
3338
6484
1303
3809
1790
7798
5643
4399
1297
228
8107
4637
5518
1138
2985
5606
8769
5489
5893
6837
8348
5575
1033
2191
6409
7642
6379
2999
1568
9006
8805
7446
1044
531
8306
78
9625
3428
7813
4133
8335
733
5701
688
3088
9446
6864
1431
1607
3239
6057
4757
6320
341
895
7342
8668
9164
1396
3780
5635
9366
8817
3897
6352
5354
3822
176
2782
146
610
3597
1428
3996
8111
2945
1017
2074
5892
2878
4784
5677
866
1227
2053
3408
8492
2741
2798
2504
9650
7837
5088
4685
8305
2145
6617
6227
7067
9523
7561
5556
3607
6834
1140
1142
1273
4612
8643
9891
5857
695
3595
679
3594
2506
2003
9943
4117
2373
5602
3813
2164
8051
1792
2890
7028
979
4938
5544
5699
3437
7420
2124
5046
184
5331
918
6366
8783
8039
7485
6942
2284
9565
3032
6883
5650
8590
4686
8251
8616
8098
8666
4627
7210
4214
9973
231
9253
5801
5042
4392
9562
3487
5892
4860
7347
5474
983
915
5144
3976
398
7264
3028
4550
9309
2729
5674
9283
1144
460
6935
1960
6331
7048
8986
9519
6711
1088
3513
1629
8673
1977
7530
4144
2941
2371
7930
9803
6869
2901
9085
3458
5208
6643
4905
4172
6196
3851
5197
1894
4406
7545
6191
6309
9474
7223
9140
7607
4841
9392
9273
6674
8335
2613
60
6619
6880
5556
1323
2037
599
3940
5867
4232
204
4336
4106
88
2072
1922
5
117
6505
7508
7701
411
6856
7854
3934
3909
180
8078
8309
5430
2360
6718
155
7534
6052
951
5383
8660
2767
198
2347
8663
4877
3497
5072
8148
3820
5189
6285
1496
3674
3428
8332
2184
1363
4647
471
7081
9025
7209
6750
8822
2825
4312
9428
7453
9746
1743
8257
28
8759
1251
5776
9445
9372
2612
4350
8676
7415
738
3328
1128
6648
1831
55
2618
189
6188
7744
831
4166
3364
342
208
4968
9226
7996
9673
3714
9993
3799
9015
7354
7354
9124
1489
701
3065
8315
9988
4040
420
1155
2570
4975
1910
5751
7462
7135
2332
8917
7199
1186
2698
99
4020
1997
9573
6912
7741
8526
6812
1417
3325
1200
7871
8927
