1
2
3
4
5
6
7
8
9
10
11
12
13
14
15
16
17
18
19
20
21
22
23
24
25
26
27
28
29
30
31
32
33
34
35
36
37
38
39
40
41
42
43
44
45
46
47
48
49
50
51
52
53
54
55
56
57
58
59
60
61
62
63
64
65
66
67
68
69
70
71
72
73
74
75
76
77
78
79
80
81
82
83
84
85
86
87
88
89
90
91
92
93
94
95
96
97
98
99
100
101
102
103
104
105
106
107
108
109
110
111
112
113
114
115
116
117
118
119
120
121
122
123
124
125
126
127
128
129
130
131
132
133
134
135
136
137
138
139
140
141
142
143
144
145
146
147
148
149
150
151
152
153
154
155
156
157
158
159
160
161
162
163
164
165
166
167
168
169
170
171
172
173
174
175
176
177
178
179
180
181
182
183
184
185
186
187
188
189
190
191
192
193
194
195
196
197
198
199
200
201
202
203
204
205
206
207
208
209
210
211
212
213
214
215
216
217
218
219
220
221
222
223
224
225
226
227
228
229
230
231
232
233
234
235
236
237
238
239
240
241
242
243
244
245
246
247
248
249
250
251
252
253
254
255
256
257
258
259
260
261
262
263
264
265
266
267
268
269
270
271
272
273
274
275
276
277
278
279
280
281
282
283
284
285
286
287
288
289
290
291
292
293
294
295
296
297
298
299
300
301
302
303
304
305
306
307
308
309
310
311
312
313
314
315
316
317
318
319
320
321
322
323
324
325
326
327
328
329
330
331
332
333
334
335
336
337
338
339
340
341
342
343
344
345
346
347
348
349
350
351
352
353
354
355
356
357
358
359
360
361
362
363
364
365
366
367
368
369
370
371
372
373
374
375
376
377
378
379
380
381
382
383
384
385
386
387
388
389
390
391
392
393
394
395
396
397
398
399
400
401
402
403
404
405
406
407
408
409
410
411
412
413
414
415
416
417
418
419
420
421
422
423
424
425
426
427
428
429
430
431
432
433
434
435
436
437
438
439
440
441
442
443
444
445
446
447
448
449
450
451
452
453
454
455
456
457
458
459
460
461
462
463
464
465
466
467
468
469
470
471
472
473
474
475
476
477
478
479
480
481
482
483
484
485
486
487
488
489
490
491
492
493
494
495
496
497
498
499
500
501
502
503
504
505
506
507
508
509
510
511
512
513
514
515
516
517
518
519
520
521
522
523
524
525
526
527
528
529
530
531
532
533
534
535
536
537
538
539
540
541
542
543
544
545
546
547
548
549
550
551
552
553
554
555
556
557
558
559
560
561
562
563
564
565
566
567
568
569
570
571
572
573
574
575
576
577
578
579
580
581
582
583
584
585
586
587
588
589
590
591
592
593
594
595
596
597
598
599
600
601
602
603
604
605
606
607
608
609
610
611
612
613
614
615
616
617
618
619
620
621
622
623
624
625
626
627
628
629
630
631
632
633
634
635
636
637
638
639
640
641
642
643
644
645
646
647
648
649
650
651
652
653
654
655
656
657
658
659
660
661
662
663
664
665
666
667
668
669
670
671
672
673
674
675
676
677
678
679
680
681
682
683
684
685
686
687
688
689
690
691
692
693
694
695
696
697
698
699
700
701
702
703
704
705
706
707
708
709
710
711
712
713
714
715
716
717
718
719
720
721
722
723
724
725
726
727
728
729
730
731
732
733
734
735
736
737
738
739
740
741
742
743
744
745
746
747
748
749
750
751
752
753
754
755
756
757
758
759
760
761
762
763
764
765
766
767
768
769
770
771
772
773
774
775
776
777
778
779
780
781
782
783
784
785
786
787
788
789
790
791
792
793
794
795
796
797
798
799
800
801
802
803
804
805
806
807
808
809
810
811
812
813
814
815
816
817
818
819
820
821
822
823
824
825
826
827
828
829
830
831
832
833
834
835
836
837
838
839
840
841
842
843
844
845
846
847
848
849
850
851
852
853
854
855
856
857
858
859
860
861
862
863
864
865
866
867
868
869
870
871
872
873
874
875
876
877
878
879
880
881
882
883
884
885
886
887
888
889
890
891
892
893
894
895
896
897
898
899
900
901
902
903
904
905
906
907
908
909
910
911
912
913
914
915
916
917
918
919
920
921
922
923
924
925
926
927
928
929
930
931
932
933
934
935
936
937
938
939
940
941
942
943
944
945
946
947
948
949
950
951
952
953
954
955
956
957
958
959
960
961
962
963
964
965
966
967
968
969
970
971
972
973
974
975
976
977
978
979
980
981
982
983
984
985
986
987
988
989
990
991
992
993
994
995
996
997
998
999
1000
1001
1002
1003
1004
1005
1006
1007
1008
1009
1010
1011
1012
1013
1014
1015
1016
1017
1018
1019
1020
1021
1022
1023
1024
1025
1026
1027
1028
1029
1030
1031
1032
1033
1034
1035
1036
1037
1038
1039
1040
1041
1042
1043
1044
1045
1046
1047
1048
1049
1050
1051
1052
1053
1054
1055
1056
1057
1058
1059
1060
1061
1062
1063
1064
1065
1066
1067
1068
1069
1070
1071
1072
1073
1074
1075
1076
1077
1078
1079
1080
1081
1082
1083
1084
1085
1086
1087
1088
1089
1090
1091
1092
1093
1094
1095
1096
1097
1098
1099
1100
1101
1102
1103
1104
1105
1106
1107
1108
1109
1110
1111
1112
1113
1114
1115
1116
1117
1118
1119
1120
1121
1122
1123
1124
1125
1126
1127
1128
1129
1130
1131
1132
1133
1134
1135
1136
1137
1138
1139
1140
1141
1142
1143
1144
1145
1146
1147
1148
1149
1150
1151
1152
1153
1154
1155
1156
1157
1158
1159
1160
1161
1162
1163
1164
1165
1166
1167
1168
1169
1170
1171
1172
1173
1174
1175
1176
1177
1178
1179
1180
1181
1182
1183
1184
1185
1186
1187
1188
1189
1190
1191
1192
1193
1194
1195
1196
1197
1198
1199
1200
1201
1202
1203
1204
1205
1206
1207
1208
1209
1210
1211
1212
1213
1214
1215
1216
1217
1218
1219
1220
1221
1222
1223
1224
1225
1226
1227
1228
1229
1230
1231
1232
1233
1234
1235
1236
1237
1238
1239
1240
1241
1242
1243
1244
1245
1246
1247
1248
1249
1250
1251
1252
1253
1254
1255
1256
1257
1258
1259
1260
1261
1262
1263
1264
1265
1266
1267
1268
1269
1270
1271
1272
1273
1274
1275
1276
1277
1278
1279
1280
1281
1282
1283
1284
1285
1286
1287
1288
1289
1290
1291
1292
1293
1294
1295
1296
1297
1298
1299
1300
1301
1302
1303
1304
1305
1306
1307
1308
1309
1310
1311
1312
1313
1314
1315
1316
1317
1318
1319
1320
1321
1322
1323
1324
1325
1326
1327
1328
1329
1330
1331
1332
1333
1334
1335
1336
1337
1338
1339
1340
1341
1342
1343
1344
1345
1346
1347
1348
1349
1350
1351
1352
1353
1354
1355
1356
1357
1358
1359
1360
1361
1362
1363
1364
1365
1366
1367
1368
1369
1370
1371
1372
1373
1374
1375
1376
1377
1378
1379
1380
1381
1382
1383
1384
1385
1386
1387
1388
1389
1390
1391
1392
1393
1394
1395
1396
1397
1398
1399
1400
1401
1402
1403
1404
1405
1406
1407
1408
1409
1410
1411
1412
1413
1414
1415
1416
1417
1418
1419
1420
1421
1422
1423
1424
1425
1426
1427
1428
1429
1430
1431
1432
1433
1434
1435
1436
1437
1438
1439
1440
1441
1442
1443
1444
1445
1446
1447
1448
1449
1450
1451
1452
1453
1454
1455
1456
1457
1458
1459
1460
1461
1462
1463
1464
1465
1466
1467
1468
1469
1470
1471
1472
1473
1474
1475
1476
1477
1478
1479
1480
1481
1482
1483
1484
1485
1486
1487
1488
1489
1490
1491
1492
1493
1494
1495
1496
1497
1498
1499
1500
1501
1502
1503
1504
1505
1506
1507
1508
1509
1510
1511
1512
1513
1514
1515
1516
1517
1518
1519
1520
1521
1522
1523
1524
1525
1526
1527
1528
1529
1530
1531
1532
1533
1534
1535
1536
1537
1538
1539
1540
1541
1542
1543
1544
1545
1546
1547
1548
1549
1550
1551
1552
1553
1554
1555
1556
1557
1558
1559
1560
1561
1562
1563
1564
1565
1566
1567
1568
1569
1570
1571
1572
1573
1574
1575
1576
1577
1578
1579
1580
1581
1582
1583
1584
1585
1586
1587
1588
1589
1590
1591
1592
1593
1594
1595
1596
1597
1598
1599
1600
1601
1602
1603
1604
1605
1606
1607
1608
1609
1610
1611
1612
1613
1614
1615
1616
1617
1618
1619
1620
1621
1622
1623
1624
1625
1626
1627
1628
1629
1630
1631
1632
1633
1634
1635
1636
1637
1638
1639
1640
1641
1642
1643
1644
1645
1646
1647
1648
1649
1650
1651
1652
1653
1654
1655
1656
1657
1658
1659
1660
1661
1662
1663
1664
1665
1666
1667
1668
1669
1670
1671
1672
1673
1674
1675
1676
1677
1678
1679
1680
1681
1682
1683
1684
1685
1686
1687
1688
1689
1690
1691
1692
1693
1694
1695
1696
1697
1698
1699
1700
1701
1702
1703
1704
1705
1706
1707
1708
1709
1710
1711
1712
1713
1714
1715
1716
1717
1718
1719
1720
1721
1722
1723
1724
1725
1726
1727
1728
1729
1730
1731
1732
1733
1734
1735
1736
1737
1738
1739
1740
1741
1742
1743
1744
1745
1746
1747
1748
1749
1750
1751
1752
1753
1754
1755
1756
1757
1758
1759
1760
1761
1762
1763
1764
1765
1766
1767
1768
1769
1770
1771
1772
1773
1774
1775
1776
1777
1778
1779
1780
1781
1782
1783
1784
1785
1786
1787
1788
1789
1790
1791
1792
1793
1794
1795
1796
1797
1798
1799
1800
1801
1802
1803
1804
1805
1806
1807
1808
1809
1810
1811
1812
1813
1814
1815
1816
1817
1818
1819
1820
1821
1822
1823
1824
1825
1826
1827
1828
1829
1830
1831
1832
1833
1834
1835
1836
1837
1838
1839
1840
1841
1842
1843
1844
1845
1846
1847
1848
1849
1850
1851
1852
1853
1854
1855
1856
1857
1858
1859
1860
1861
1862
1863
1864
1865
1866
1867
1868
1869
1870
1871
1872
1873
1874
1875
1876
1877
1878
1879
1880
1881
1882
1883
1884
1885
1886
1887
1888
1889
1890
1891
1892
1893
1894
1895
1896
1897
1898
1899
1900
1901
1902
1903
1904
1905
1906
1907
1908
1909
1910
1911
1912
1913
1914
1915
1916
1917
1918
1919
1920
1921
1922
1923
1924
1925
1926
1927
1928
1929
1930
1931
1932
1933
1934
1935
1936
1937
1938
1939
1940
1941
1942
1943
1944
1945
1946
1947
1948
1949
1950
1951
1952
1953
1954
1955
1956
1957
1958
1959
1960
1961
1962
1963
1964
1965
1966
1967
1968
1969
1970
1971
1972
1973
1974
1975
1976
1977
1978
1979
1980
1981
1982
1983
1984
1985
1986
1987
1988
1989
1990
1991
1992
1993
1994
1995
1996
1997
1998
1999
2000
2001
2002
2003
2004
2005
2006
2007
2008
2009
2010
2011
2012
2013
2014
2015
2016
2017
2018
2019
2020
2021
2022
2023
2024
2025
2026
2027
2028
2029
2030
2031
2032
2033
2034
2035
2036
2037
2038
2039
2040
2041
2042
2043
2044
2045
2046
2047
2048
2049
2050
2051
2052
2053
2054
2055
2056
2057
2058
2059
2060
2061
2062
2063
2064
2065
2066
2067
2068
2069
2070
2071
2072
2073
2074
2075
2076
2077
2078
2079
2080
2081
2082
2083
2084
2085
2086
2087
2088
2089
2090
2091
2092
2093
2094
2095
2096
2097
2098
2099
2100
2101
2102
2103
2104
2105
2106
2107
2108
2109
2110
2111
2112
2113
2114
2115
2116
2117
2118
2119
2120
2121
2122
2123
2124
2125
2126
2127
2128
2129
2130
2131
2132
2133
2134
2135
2136
2137
2138
2139
2140
2141
2142
2143
2144
2145
2146
2147
2148
2149
2150
2151
2152
2153
2154
2155
2156
2157
2158
2159
2160
2161
2162
2163
2164
2165
2166
2167
2168
2169
2170
2171
2172
2173
2174
2175
2176
2177
2178
2179
2180
2181
2182
2183
2184
2185
2186
2187
2188
2189
2190
2191
2192
2193
2194
2195
2196
2197
2198
2199
2200
2201
2202
2203
2204
2205
2206
2207
2208
2209
2210
2211
2212
2213
2214
2215
2216
2217
2218
2219
2220
2221
2222
2223
2224
2225
2226
2227
2228
2229
2230
2231
2232
2233
2234
2235
2236
2237
2238
2239
2240
2241
2242
2243
2244
2245
2246
2247
2248
2249
2250
2251
2252
2253
2254
2255
2256
2257
2258
2259
2260
2261
2262
2263
2264
2265
2266
2267
2268
2269
2270
2271
2272
2273
2274
2275
2276
2277
2278
2279
2280
2281
2282
2283
2284
2285
2286
2287
2288
2289
2290
2291
2292
2293
2294
2295
2296
2297
2298
2299
2300
2301
2302
2303
2304
2305
2306
2307
2308
2309
2310
2311
2312
2313
2314
2315
2316
2317
2318
2319
2320
2321
2322
2323
2324
2325
2326
2327
2328
2329
2330
2331
2332
2333
2334
2335
2336
2337
2338
2339
2340
2341
2342
2343
2344
2345
2346
2347
2348
2349
2350
2351
2352
2353
2354
2355
2356
2357
2358
2359
2360
2361
2362
2363
2364
2365
2366
2367
2368
2369
2370
2371
2372
2373
2374
2375
2376
2377
2378
2379
2380
2381
2382
2383
2384
2385
2386
2387
2388
2389
2390
2391
2392
2393
2394
2395
2396
2397
2398
2399
2400
2401
2402
2403
2404
2405
2406
2407
2408
2409
2410
2411
2412
2413
2414
2415
2416
2417
2418
2419
2420
2421
2422
2423
2424
2425
2426
2427
2428
2429
2430
2431
2432
2433
2434
2435
2436
2437
2438
2439
2440
2441
2442
2443
2444
2445
2446
2447
2448
2449
2450
2451
2452
2453
2454
2455
2456
2457
2458
2459
2460
2461
2462
2463
2464
2465
2466
2467
2468
2469
2470
2471
2472
2473
2474
2475
2476
2477
2478
2479
2480
2481
2482
2483
2484
2485
2486
2487
2488
2489
2490
2491
2492
2493
2494
2495
2496
2497
2498
2499
2500
2640
9314
5426
8519
7344
2024
7121
3101
7474
3614
3091
3376
2120
12
919
9771
7564
296
2656
6418
6467
7148
5122
712
9030
9985
597
1548
4793
2528
5709
8931
2572
2949
3642
9862
6748
7014
1303
4146
4569
3650
2286
6984
245
7797
4067
6805
7081
7701
2177
8340
5937
5017
1318
1560
3924
682
2774
8210
3640
8404
7641
9887
648
6399
4964
1063
3917
8336
4129
4623
7769
4021
8311
9351
395
8949
4773
9619
3795
390
1090
6220
371
7126
556
9154
4140
2132
7686
3267
9274
5120
356
3670
2385
6969
7500
4930
1215
1970
6752
3538
7016
2184
5544
6956
4094
4384
5057
2748
2750
238
3235
6554
3999
4188
4091
5403
8150
2835
6512
8264
8391
7365
7133
8646
2288
462
3986
2549
5772
8481
7976
7532
5556
2866
3201
3809
1131
6665
4294
8662
2687
1308
5
8810
7915
6432
6644
7015
5906
4102
3821
5956
717
1139
8458
2337
5291
450
5361
7556
2713
3251
9312
1219
2924
289
3857
2562
2657
2118
929
3287
3489
4946
8462
845
6089
7119
6281
578
4772
4095
9660
712
5345
9299
2530
8556
570
1067
9908
7804
8423
9927
3376
6457
5719
9359
1963
8227
2121
4334
464
6087
8816
9988
363
8498
152
7382
3111
7241
9515
5029
3589
6536
3411
6780
8120
9938
9144
3252
4734
1712
9740
751
390
2368
117
3344
1991
1108
1217
3832
7119
7031
2418
1975
9178
1979
6141
8753
1039
9638
504
485
2600
9419
4993
9326
2684
6102
6021
6203
6859
3394
6726
4724
9265
9905
2836
5219
7682
2676
3691
19
245
5678
1510
9308
5770
766
5995
1678
4189
8908
4098
8468
2114
9918
875
5165
3212
925
7562
1847
6262
488
2998
5292
6844
5479
6915
4578
3468
875
5235
3378
1611
1991
8205
5159
7216
8334
3065
8483
3128
499
1608
8960
5912
4303
1712
9659
5392
2136
3031
4261
3848
5102
7114
552
7537
8835
5198
4844
2834
2497
3278
2458
2628
5217
7231
4170
7743
4332
4338
315
5221
9797
890
4406
1450
9097
9234
3049
9746
1484
2208
7113
2969
3823
2324
3540
9535
5621
8933
3174
8181
4211
8040
4698
2198
4151
3716
4953
915
3065
2635
1644
3295
3286
7932
2843
9328
5344
3412
2618
9569
6641
8586
8824
1091
4260
6857
5714
9254
5587
4046
1867
5118
7376
3778
145
6581
4947
5438
1289
266
2413
5632
9289
6500
9691
6054
1784
6074
4429
6974
5380
5925
4771
965
9844
3174
8142
905
3681
1018
7918
6208
6056
9113
2394
2764
6484
7156
1436
1241
7736
9235
1948
9318
824
9456
7987
3367
8011
2849
7843
1673
5661
262
7340
9665
3833
3642
3671
7921
4502
3231
7146
475
3035
7112
4737
4637
9904
982
9508
4332
7285
4482
8926
6140
6444
673
6029
4595
5552
1790
5978
6417
4979
8925
1458
9026
5706
7005
9623
2859
8105
6556
7070
784
9230
1342
8858
3708
5309
9811
2748
132
3620
3677
7424
4729
1201
3714
3871
5598
4235
6894
7193
104
4191
3904
2816
125
6638
3341
3811
8199
5254
8985
920
5245
2424
7303
1623
411
9364
1786
6884
971
3658
8554
1217
9305
7951
8525
2998
609
5682
4678
2361
8652
716
993
8886
5743
891
7775
3333
1116
9434
1622
4035
8358
8472
5781
3862
3296
7749
3161
9542
6667
834
708
2223
4762
4148
8636
4711
4642
6046
2060
5468
1624
5655
6666
583
2197
1606
3478
7110
8531
9588
4165
5447
1517
6149
6410
898
6175
8016
8765
4875
4205
4176
7363
687
1533
9582
4824
8058
3274
8564
9253
3508
7757
657
1604
804
6065
9379
5709
7229
4179
9622
4670
808
1361
8227
1482
6390
1397
7384
4303
1273
7653
1661
2848
3447
2680
5154
8443
3581
3141
8788
2203
9350
8588
8776
118
3643
7822
8472
7666
2254
6137
2348
13
190
1822
3238
4856
8543
3079
5547
8497
3168
4768
7431
8982
5643
7161
4126
658
4769
9834
1564
547
8769
2845
407
5335
7965
9319
8957
7236
1078
1622
2977
3919
9437
9079
913
8293
652
317
1459
1231
6958
9097
8151
8515
8607
8421
3714
7301
534
5159
9715
7860
9170
2049
252
7927
9732
5848
4984
7452
6392
6312
7201
9745
1131
5770
4005
8527
1710
7510
5290
2525
4363
2806
2238
7483
7702
4532
9241
9143
9769
3545
6986
790
360
10
7330
2803
4345
4274
2069
6929
8106
7712
8772
7402
3402
2130
7207
8097
3792
3194
1538
8234
2749
7256
6816
7552
1528
8692
1933
3144
4125
4332
8965
1586
9569
9447
8820
9545
8579
6024
6450
4773
1732
2920
4430
4266
390
7356
6161
8683
4697
1583
4833
7712
7607
6500
8430
8785
9707
3266
481
7766
2909
5324
8461
6477
7834
7812
6966
515
1266
5711
3295
7782
7180
3937
2208
4475
3880
6137
4038
6255
492
2700
4275
6496
2621
5785
5333
9778
1121
5263
505
7071
8
7410
1958
5358
1620
9630
2667
3269
9727
8638
3884
2001
5839
7503
2533
9951
3638
3129
6125
6158
7177
3538
2054
4825
6821
1189
8355
1369
8026
6104
6193
2329
6044
9443
1224
454
525
447
360
821
3908
9106
2250
7652
807
6692
993
4027
148
4088
4958
4624
8660
2705
5618
8165
1345
6299
7194
6139
3728
3767
5724
8728
6111
407
8422
4277
7533
2072
5621
5381
9157
1358
3265
1925
9447
1365
5901
6945
4694
6916
3249
1689
5400
7647
8710
4649
9158
5630
3973
6279
9299
5742
4023
7439
1451
9091
1184
4667
7508
4586
5915
9148
6966
9942
564
9967
790
849
2030
9260
9661
6599
8193
3266
6510
6737
2111
5058
4579
2916
1485
3424
6072
3008
7943
7472
757
2781
8166
4861
5616
8484
3627
8869
1690
4880
9497
2409
6107
7446
6180
5766
7096
3282
2701
2489
7310
3512
9683
1306
8062
522
8247
350
8721
448
1566
9703
2616
1488
3052
5987
3996
7063
4894
8088
8545
4750
3760
3581
1912
8517
9143
2707
3288
1638
3493
9396
2620
8508
1292
4985
912
7323
5523
4192
7520
6203
3764
4486
4338
8862
3591
495
7414
7254
4555
8825
9681
2146
5281
2188
2604
6658
3016
3386
2748
3163
315
4090
67
959
8073
3509
5278
4685
8270
7454
2836
3357
9008
4767
5012
6364
3454
7321
3265
762
8839
688
9336
2772
9322
6652
152
8908
2513
9894
1581
7086
4374
6964
9096
9490
207
93
1129
274
3913
6567
519
7721
3451
2665
2347
6638
4191
7627
4152
1921
7771
5873
5844
7144
9676
9998
3158
2611
3293
5611
6380
4552
3232
9544
4940
4075
4314
8455
1465
7474
7493
2723
7226
3745
4422
4464
2686
2603
858
2938
9200
4263
1648
1484
6775
7924
3190
9317
7570
2003
2048
1123
7352
5781
4468
5819
2294
7596
4945
518
6586
211
4622
6358
53
5825
4298
5679
5189
3473
9300
4181
372
5484
2422
1835
7938
1506
7460
164
3981
991
298
3610
4464
8035
7319
8023
3003
5782
7709
3650
8119
2312
4551
9964
504
3389
5793
4059
1646
3308
8692
9425
7644
6615
3218
6086
4642
4088
5439
4102
6314
9577
9630
9624
6008
8522
4472
9986
5912
3995
8511
4891
9189
3705
4679
3097
2906
7820
6707
2686
7952
8126
6740
581
2743
9704
2799
6303
3832
6771
9065
7245
4076
9349
8921
1640
5513
9986
6932
2992
8377
8823
5208
2441
6093
7467
9318
8929
3395
1381
9517
6956
8360
3749
3166
1518
87
7549
2769
5612
6227
7528
5436
1909
7534
9241
9213
7837
2295
2876
7116
4156
6287
5837
6626
6767
4902
9261
8168
4588
1110
2763
3454
6276
4619
808
3708
2696
2285
462
4444
3107
5369
1006
3144
4633
7763
4593
6549
3667
44
3336
3751
7790
4864
7462
1849
3854
784
2017
3823
5575
3741
9979
518
9803
2407
501
5255
5572
7069
8423
621
5342
4362
5999
646
2001
7354
2453
8998
2046
8960
8307
6289
2294
32
9268
8378
4571
5078
1955
2121
6423
5674
5875
7575
6107
2207
8208
8977
6334
6417
7006
209
9633
3159
7531
7741
594
6369
7047
2049
5480
1290
2707
4406
4538
8559
955
6680
5351
3203
5894
9850
3087
7709
5688
9067
1146
6032
990
5927
1572
5967
1289
7770
558
6311
8744
267
9382
874
7763
4982
2704
2712
3638
7358
4245
5899
2239
638
9352
2484
9038
5855
8496
6715
2992
6906
8792
6144
5198
4521
2935
8757
4668
3737
4937
4405
5
4986
5886
4597
7019
4084
2627
7508
5653
7179
84
2256
9983
5022
4252
5996
990
2257
8139
582
4426
4306
1323
6153
8102
3948
1620
7204
3768
6956
7793
6342
5399
2250
4303
5270
381
8993
6487
2308
8085
8368
8606
6476
4572
7501
7255
4459
4395
2723
8576
8602
3908
7522
1139
1267
1766
7886
2030
4504
7797
4563
8980
6288
3440
6373
5213
5559
7029
2736
7529
761
4100
8460
3019
131
7434
2498
2182
116
9753
4605
2628
6636
5999
7968
2825
2166
5046
9899
5930
7042
1463
8011
5541
9825
7371
8053
6880
7482
3514
7057
3653
169
7720
9498
8171
1706
3982
3209
2224
3793
1780
506
1374
5603
8217
7426
5535
7575
3349
2618
3775
5317
9879
2568
8740
6402
7461
5063
2242
826
3200
3915
2409
8731
6604
4013
4904
7009
1648
3680
738
7678
4682
9537
3229
6704
4198
6524
4968
3954
4908
7119
1477
4377
928
9003
9750
9272
1167
8698
8012
910
2453
9837
3710
71
7684
5116
5759
7543
9492
2430
8675
543
7801
3250
4475
7461
7592
7763
2992
9026
9285
2341
3480
1947
1389
6194
4925
7481
8538
7105
7269
3561
411
9587
8893
7579
8169
151
3134
1288
7246
1686
2992
9063
7104
435
5884
4072
8137
6571
9917
1272
8791
7681
703
5613
3220
3918
6589
6207
1315
868
1888
3533
5627
3594
9800
7320
3536
2591
7384
6296
5384
5861
6878
4021
503
6850
8715
249
5451
976
9243
7167
6671
6689
7924
9242
5846
8851
4892
355
3880
2114
4643
8220
6862
7218
2081
2430
4056
7615
3672
4300
5873
3371
7796
648
2238
1453
7479
8512
5804
3627
9964
9309
2848
7058
5211
1948
8167
4653
7172
9982
2980
7382
8797
683
2005
3755
1853
8299
8591
8417
3262
2011
2308
9764
2584
5857
2693
2580
2245
7132
7964
9625
6235
8102
3035
1065
6765
2400
7257
1312
2520
7261
3073
7369
9533
3254
8898
23
7543
2653
5340
9390
9840
3337
7500
8031
961
2889
7929
220
2909
5566
7522
9490
9669
2134
4971
7697
1845
3196
5375
7891
3391
4234
1750
3301
5151
7608
2997
2350
4988
9195
364
8852
6114
53
5144
4818
2977
4641
6998
4709
9383
6021
590
2777
2927
1146
1832
5419
5960
5325
4198
2950
9322
2982
1530
3957
4371
9499
676
3178
4410
1830
2076
3796
7899
3067
4982
37
151
624
4765
9516
3889
6094
3099
4958
9351
4958
8777
5673
8845
684
8173
5958
115
2493
6729
9069
8435
2187
7053
6999
3862
6912
3406
1179
769
7621
1442
4127
9145
6977
5518
5074
6429
2860
5689
9375
9908
8072
6704
6307
5904
9883
44
2141
5554
8802
4441
6804
8982
2192
6383
9480
1511
9327
3967
4909
4416
5157
7608
7595
9418
5485
2798
7379
4927
6766
1440
4441
4582
6782
585
1530
3486
296
5738
9393
4043
9619
9606
8046
4767
9292
1537
8555
1212
3441
7318
6300
1381
4312
9060
8809
1065
5186
7896
9611
7699
3659
3423
1459
7863
2392
1105
9550
1780
1960
5737
8916
101
8633
1645
8655
5802
4465
9417
9514
3599
2173
9719
2936
4425
1134
5329
8288
2754
8583
2749
9949
5578
7067
4348
2985
8271
2252
3399
1564
628
2785
5220
6575
3961
9151
8862
4888
2769
5677
3152
5702
1290
3714
4341
8691
3214
9164
6754
4640
577
7753
6218
1990
3757
5281
9636
4862
3041
1594
7760
3679
2490
5343
8688
5436
467
3899
28
4096
5318
9181
2771
9665
8494
8535
212
2931
3686
7735
7113
4924
6903
8893
9353
5461
6519
1336
4376
6478
2662
8407
9728
433
4013
3
2784
9323
3352
9016
8930
9595
2080
6524
2171
8592
1077
7248
2540
5708
8757
4351
8942
2980
6565
3842
8950
1678
916
5778
5689
4441
7897
5247
5756
2993
2733
9139
7822
2713
9141
3196
6601
3200
1732
9476
5834
7475
8117
2011
7878
8275
943
5422
5872
669
2960
5528
6272
8153
399
6685
756
2656
2784
9207
340
2467
7398
1470
6480
695
8030
152
5795
9641
6603
6571
1140
378
4148
4389
4996
6933
4523
8391
7823
9751
1153
3120
8181
7300
7516
2755
7505
566
9041
5308
3849
9301
7828
8668
6944
584
1276
8644
8666
1301
1231
9885
7268
8447
7855
6806
6180
4454
5829
6273
2343
8148
3772
783
9282
6438
5915
3214
1438
692
7385
8098
3052
5883
7628
3603
8630
5016
589
6364
9293
3833
8145
9574
1057
4611
4744
4735
3743
3295
2801
8259
1491
9222
8275
9741
8974
7342
7638
8684
7534
4265
4905
7115
2714
174
2960
1252
7677
6570
5292
5542
9106
8540
2926
9892
8650
3375
2983
7447
2808
4068
5803
9315
4236
5334
3588
2984
3422
137
5715
4975
6893
7722
9031
6448
877
6626
3434
2164
7413
8747
4761
862
332
9341
1355
3000
4805
374
9885
1092
4439
9868
3813
3140
9840
4529
1669
9782
9127
2488
2601
2181
978
9289
9811
18
562
5947
3187
6388
412
4354
8377
7104
6034
9678
4675
9611
7434
3026
4303
2568
4434
2017
570
5512
4008
5413
592
2680
4032
431
8537
2717
6658
2572
667
1178
9583
2852
3865
2373
7997
176
1583
2276
7583
6688
6702
6303
7462
3007
5765
1951
6609
4982
4110
4087
2994
3693
9256
763
1081
4068
6776
5444
9362
6288
1789
5271
501
7431
850
6066
5465
3941
3187
580
4500
8027
7675
5273
3796
1585
6340
447
6612
8702
1332
1456
9368
3087
765
6280
1909
7294
9514
4187
27
2240
7975
4355
8439
6178
8
6361
5941
9710
6823
9074
8890
6067
1795
4204
1267
3030
1232
8888
4878
1445
8520
2925
8316
1588
3284
5307
1681
8844
4602
2262
8757
2135
4151
7633
566
2090
4952
4543
713
6357
9457
4013
3501
6713
1939
3632
2762
2684
7141
4612
9698
742
5126
2247
5978
1866
6483
1616
2335
8290
1434
1880
9568
6870
4822
9208
7953
3326
6824
7997
4896
8074
9687
5193
4062
538
1233
6877
8578
2527
2355
551
4547
6086
2466
1696
1474
3401
6815
5081
352
9611
1682
3745
6926
8094
2621
1356
6740
793
2606
6796
1910
5011
9323
4227
5725
8370
9813
5337
3890
3891
1134
8077
2780
5891
4140
8185
8927
5432
8477
7184
2918
1418
333
8269
3201
4625
5500
6457
5207
5959
3033
9171
1489
6180
4692
4622
4994
6092
5358
4262
7981
1432
5330
3059
8855
8470
7046
7599
3536
9776
2363
2607
5998
9821
2331
5109
8378
301
7204
8884
1529
3632
5876
2509
4393
7113
3885
2775
9258
516
4327
3205
