1
2
3
4
5
6
7
8
9
10
11
12
13
14
15
16
17
18
19
20
21
22
23
24
25
26
27
28
29
30
31
32
33
34
35
36
37
38
39
40
41
42
43
44
45
46
47
48
49
50
51
52
53
54
55
56
57
58
59
60
61
62
63
64
65
66
67
68
69
70
71
72
73
74
75
76
77
78
79
80
81
82
83
84
85
86
87
88
89
90
91
92
93
94
95
96
97
98
99
100
101
102
103
104
105
106
107
108
109
110
111
112
113
114
115
116
117
118
119
120
121
122
123
124
125
126
127
128
129
130
131
132
133
134
135
136
137
138
139
140
141
142
143
144
145
146
147
148
149
150
151
152
153
154
155
156
157
158
159
160
161
162
163
164
165
166
167
168
169
170
171
172
173
174
175
176
177
178
179
180
181
182
183
184
185
186
187
188
189
190
191
192
193
194
195
196
197
198
199
200
201
202
203
204
205
206
207
208
209
210
211
212
213
214
215
216
217
218
219
220
221
222
223
224
225
226
227
228
229
230
231
232
233
234
235
236
237
238
239
240
241
242
243
244
245
246
247
248
249
250
251
252
253
254
255
256
257
258
259
260
261
262
263
264
265
266
267
268
269
270
271
272
273
274
275
276
277
278
279
280
281
282
283
284
285
286
287
288
289
290
291
292
293
294
295
296
297
298
299
300
301
302
303
304
305
306
307
308
309
310
311
312
313
314
315
316
317
318
319
320
321
322
323
324
325
326
327
328
329
330
331
332
333
334
335
336
337
338
339
340
341
342
343
344
345
346
347
348
349
350
351
352
353
354
355
356
357
358
359
360
361
362
363
364
365
366
367
368
369
370
371
372
373
374
375
376
377
378
379
380
381
382
383
384
385
386
387
388
389
390
391
392
393
394
395
396
397
398
399
400
401
402
403
404
405
406
407
408
409
410
411
412
413
414
415
416
417
418
419
420
421
422
423
424
425
426
427
428
429
430
431
432
433
434
435
436
437
438
439
440
441
442
443
444
445
446
447
448
449
450
451
452
453
454
455
456
457
458
459
460
461
462
463
464
465
466
467
468
469
470
471
472
473
474
475
476
477
478
479
480
481
482
483
484
485
486
487
488
489
490
491
492
493
494
495
496
497
498
499
500
501
502
503
504
505
506
507
508
509
510
511
512
513
514
515
516
517
518
519
520
521
522
523
524
525
526
527
528
529
530
531
532
533
534
535
536
537
538
539
540
541
542
543
544
545
546
547
548
549
550
551
552
553
554
555
556
557
558
559
560
561
562
563
564
565
566
567
568
569
570
571
572
573
574
575
576
577
578
579
580
581
582
583
584
585
586
587
588
589
590
591
592
593
594
595
596
597
598
599
600
601
602
603
604
605
606
607
608
609
610
611
612
613
614
615
616
617
618
619
620
621
622
623
624
625
626
627
628
629
630
631
632
633
634
635
636
637
638
639
640
641
642
643
644
645
646
647
648
649
650
651
652
653
654
655
656
657
658
659
660
661
662
663
664
665
666
667
668
669
670
671
672
673
674
675
676
677
678
679
680
681
682
683
684
685
686
687
688
689
690
691
692
693
694
695
696
697
698
699
700
701
702
703
704
705
706
707
708
709
710
711
712
713
714
715
716
717
718
719
720
721
722
723
724
725
726
727
728
729
730
731
732
733
734
735
736
737
738
739
740
741
742
743
744
745
746
747
748
749
750
751
752
753
754
755
756
757
758
759
760
761
762
763
764
765
766
767
768
769
770
771
772
773
774
775
776
777
778
779
780
781
782
783
784
785
786
787
788
789
790
791
792
793
794
795
796
797
798
799
800
801
802
803
804
805
806
807
808
809
810
811
812
813
814
815
816
817
818
819
820
821
822
823
824
825
826
827
828
829
830
831
832
833
834
835
836
837
838
839
840
841
842
843
844
845
846
847
848
849
850
851
852
853
854
855
856
857
858
859
860
861
862
863
864
865
866
867
868
869
870
871
872
873
874
875
876
877
878
879
880
881
882
883
884
885
886
887
888
889
890
891
892
893
894
895
896
897
898
899
900
901
902
903
904
905
906
907
908
909
910
911
912
913
914
915
916
917
918
919
920
921
922
923
924
925
926
927
928
929
930
931
932
933
934
935
936
937
938
939
940
941
942
943
944
945
946
947
948
949
950
951
952
953
954
955
956
957
958
959
960
961
962
963
964
965
966
967
968
969
970
971
972
973
974
975
976
977
978
979
980
981
982
983
984
985
986
987
988
989
990
991
992
993
994
995
996
997
998
999
1000
1001
1002
1003
1004
1005
1006
1007
1008
1009
1010
1011
1012
1013
1014
1015
1016
1017
1018
1019
1020
1021
1022
1023
1024
1025
1026
1027
1028
1029
1030
1031
1032
1033
1034
1035
1036
1037
1038
1039
1040
1041
1042
1043
1044
1045
1046
1047
1048
1049
1050
1051
1052
1053
1054
1055
1056
1057
1058
1059
1060
1061
1062
1063
1064
1065
1066
1067
1068
1069
1070
1071
1072
1073
1074
1075
1076
1077
1078
1079
1080
1081
1082
1083
1084
1085
1086
1087
1088
1089
1090
1091
1092
1093
1094
1095
1096
1097
1098
1099
1100
1101
1102
1103
1104
1105
1106
1107
1108
1109
1110
1111
1112
1113
1114
1115
1116
1117
1118
1119
1120
1121
1122
1123
1124
1125
1126
1127
1128
1129
1130
1131
1132
1133
1134
1135
1136
1137
1138
1139
1140
1141
1142
1143
1144
1145
1146
1147
1148
1149
1150
1151
1152
1153
1154
1155
1156
1157
1158
1159
1160
1161
1162
1163
1164
1165
1166
1167
1168
1169
1170
1171
1172
1173
1174
1175
1176
1177
1178
1179
1180
1181
1182
1183
1184
1185
1186
1187
1188
1189
1190
1191
1192
1193
1194
1195
1196
1197
1198
1199
1200
1201
1202
1203
1204
1205
1206
1207
1208
1209
1210
1211
1212
1213
1214
1215
1216
1217
1218
1219
1220
1221
1222
1223
1224
1225
1226
1227
1228
1229
1230
1231
1232
1233
1234
1235
1236
1237
1238
1239
1240
1241
1242
1243
1244
1245
1246
1247
1248
1249
1250
1251
1252
1253
1254
1255
1256
1257
1258
1259
1260
1261
1262
1263
1264
1265
1266
1267
1268
1269
1270
1271
1272
1273
1274
1275
1276
1277
1278
1279
1280
1281
1282
1283
1284
1285
1286
1287
1288
1289
1290
1291
1292
1293
1294
1295
1296
1297
1298
1299
1300
1301
1302
1303
1304
1305
1306
1307
1308
1309
1310
1311
1312
1313
1314
1315
1316
1317
1318
1319
1320
1321
1322
1323
1324
1325
1326
1327
1328
1329
1330
1331
1332
1333
1334
1335
1336
1337
1338
1339
1340
1341
1342
1343
1344
1345
1346
1347
1348
1349
1350
1351
1352
1353
1354
1355
1356
1357
1358
1359
1360
1361
1362
1363
1364
1365
1366
1367
1368
1369
1370
1371
1372
1373
1374
1375
1376
1377
1378
1379
1380
1381
1382
1383
1384
1385
1386
1387
1388
1389
1390
1391
1392
1393
1394
1395
1396
1397
1398
1399
1400
1401
1402
1403
1404
1405
1406
1407
1408
1409
1410
1411
1412
1413
1414
1415
1416
1417
1418
1419
1420
1421
1422
1423
1424
1425
1426
1427
1428
1429
1430
1431
1432
1433
1434
1435
1436
1437
1438
1439
1440
1441
1442
1443
1444
1445
1446
1447
1448
1449
1450
1451
1452
1453
1454
1455
1456
1457
1458
1459
1460
1461
1462
1463
1464
1465
1466
1467
1468
1469
1470
1471
1472
1473
1474
1475
1476
1477
1478
1479
1480
1481
1482
1483
1484
1485
1486
1487
1488
1489
1490
1491
1492
1493
1494
1495
1496
1497
1498
1499
1500
1501
1502
1503
1504
1505
1506
1507
1508
1509
1510
1511
1512
1513
1514
1515
1516
1517
1518
1519
1520
1521
1522
1523
1524
1525
1526
1527
1528
1529
1530
1531
1532
1533
1534
1535
1536
1537
1538
1539
1540
1541
1542
1543
1544
1545
1546
1547
1548
1549
1550
1551
1552
1553
1554
1555
1556
1557
1558
1559
1560
1561
1562
1563
1564
1565
1566
1567
1568
1569
1570
1571
1572
1573
1574
1575
1576
1577
1578
1579
1580
1581
1582
1583
1584
1585
1586
1587
1588
1589
1590
1591
1592
1593
1594
1595
1596
1597
1598
1599
1600
1601
1602
1603
1604
1605
1606
1607
1608
1609
1610
1611
1612
1613
1614
1615
1616
1617
1618
1619
1620
1621
1622
1623
1624
1625
1626
1627
1628
1629
1630
1631
1632
1633
1634
1635
1636
1637
1638
1639
1640
1641
1642
1643
1644
1645
1646
1647
1648
1649
1650
1651
1652
1653
1654
1655
1656
1657
1658
1659
1660
1661
1662
1663
1664
1665
1666
1667
1668
1669
1670
1671
1672
1673
1674
1675
1676
1677
1678
1679
1680
1681
1682
1683
1684
1685
1686
1687
1688
1689
1690
1691
1692
1693
1694
1695
1696
1697
1698
1699
1700
1701
1702
1703
1704
1705
1706
1707
1708
1709
1710
1711
1712
1713
1714
1715
1716
1717
1718
1719
1720
1721
1722
1723
1724
1725
1726
1727
1728
1729
1730
1731
1732
1733
1734
1735
1736
1737
1738
1739
1740
1741
1742
1743
1744
1745
1746
1747
1748
1749
1750
1751
1752
1753
1754
1755
1756
1757
1758
1759
1760
1761
1762
1763
1764
1765
1766
1767
1768
1769
1770
1771
1772
1773
1774
1775
1776
1777
1778
1779
1780
1781
1782
1783
1784
1785
1786
1787
1788
1789
1790
1791
1792
1793
1794
1795
1796
1797
1798
1799
1800
1801
1802
1803
1804
1805
1806
1807
1808
1809
1810
1811
1812
1813
1814
1815
1816
1817
1818
1819
1820
1821
1822
1823
1824
1825
1826
1827
1828
1829
1830
1831
1832
1833
1834
1835
1836
1837
1838
1839
1840
1841
1842
1843
1844
1845
1846
1847
1848
1849
1850
1851
1852
1853
1854
1855
1856
1857
1858
1859
1860
1861
1862
1863
1864
1865
1866
1867
1868
1869
1870
1871
1872
1873
1874
1875
1876
1877
1878
1879
1880
1881
1882
1883
1884
1885
1886
1887
1888
1889
1890
1891
1892
1893
1894
1895
1896
1897
1898
1899
1900
1901
1902
1903
1904
1905
1906
1907
1908
1909
1910
1911
1912
1913
1914
1915
1916
1917
1918
1919
1920
1921
1922
1923
1924
1925
1926
1927
1928
1929
1930
1931
1932
1933
1934
1935
1936
1937
1938
1939
1940
1941
1942
1943
1944
1945
1946
1947
1948
1949
1950
1951
1952
1953
1954
1955
1956
1957
1958
1959
1960
1961
1962
1963
1964
1965
1966
1967
1968
1969
1970
1971
1972
1973
1974
1975
1976
1977
1978
1979
1980
1981
1982
1983
1984
1985
1986
1987
1988
1989
1990
1991
1992
1993
1994
1995
1996
1997
1998
1999
2000
2001
2002
2003
2004
2005
2006
2007
2008
2009
2010
2011
2012
2013
2014
2015
2016
2017
2018
2019
2020
2021
2022
2023
2024
2025
2026
2027
2028
2029
2030
2031
2032
2033
2034
2035
2036
2037
2038
2039
2040
2041
2042
2043
2044
2045
2046
2047
2048
2049
2050
2051
2052
2053
2054
2055
2056
2057
2058
2059
2060
2061
2062
2063
2064
2065
2066
2067
2068
2069
2070
2071
2072
2073
2074
2075
2076
2077
2078
2079
2080
2081
2082
2083
2084
2085
2086
2087
2088
2089
2090
2091
2092
2093
2094
2095
2096
2097
2098
2099
2100
2101
2102
2103
2104
2105
2106
2107
2108
2109
2110
2111
2112
2113
2114
2115
2116
2117
2118
2119
2120
2121
2122
2123
2124
2125
2126
2127
2128
2129
2130
2131
2132
2133
2134
2135
2136
2137
2138
2139
2140
2141
2142
2143
2144
2145
2146
2147
2148
2149
2150
2151
2152
2153
2154
2155
2156
2157
2158
2159
2160
2161
2162
2163
2164
2165
2166
2167
2168
2169
2170
2171
2172
2173
2174
2175
2176
2177
2178
2179
2180
2181
2182
2183
2184
2185
2186
2187
2188
2189
2190
2191
2192
2193
2194
2195
2196
2197
2198
2199
2200
2201
2202
2203
2204
2205
2206
2207
2208
2209
2210
2211
2212
2213
2214
2215
2216
2217
2218
2219
2220
2221
2222
2223
2224
2225
2226
2227
2228
2229
2230
2231
2232
2233
2234
2235
2236
2237
2238
2239
2240
2241
2242
2243
2244
2245
2246
2247
2248
2249
2250
2251
2252
2253
2254
2255
2256
2257
2258
2259
2260
2261
2262
2263
2264
2265
2266
2267
2268
2269
2270
2271
2272
2273
2274
2275
2276
2277
2278
2279
2280
2281
2282
2283
2284
2285
2286
2287
2288
2289
2290
2291
2292
2293
2294
2295
2296
2297
2298
2299
2300
2301
2302
2303
2304
2305
2306
2307
2308
2309
2310
2311
2312
2313
2314
2315
2316
2317
2318
2319
2320
2321
2322
2323
2324
2325
2326
2327
2328
2329
2330
2331
2332
2333
2334
2335
2336
2337
2338
2339
2340
2341
2342
2343
2344
2345
2346
2347
2348
2349
2350
2351
2352
2353
2354
2355
2356
2357
2358
2359
2360
2361
2362
2363
2364
2365
2366
2367
2368
2369
2370
2371
2372
2373
2374
2375
2376
2377
2378
2379
2380
2381
2382
2383
2384
2385
2386
2387
2388
2389
2390
2391
2392
2393
2394
2395
2396
2397
2398
2399
2400
2401
2402
2403
2404
2405
2406
2407
2408
2409
2410
2411
2412
2413
2414
2415
2416
2417
2418
2419
2420
2421
2422
2423
2424
2425
2426
2427
2428
2429
2430
2431
2432
2433
2434
2435
2436
2437
2438
2439
2440
2441
2442
2443
2444
2445
2446
2447
2448
2449
2450
2451
2452
2453
2454
2455
2456
2457
2458
2459
2460
2461
2462
2463
2464
2465
2466
2467
2468
2469
2470
2471
2472
2473
2474
2475
2476
2477
2478
2479
2480
2481
2482
2483
2484
2485
2486
2487
2488
2489
2490
2491
2492
2493
2494
2495
2496
2497
2498
2499
2500
2501
2502
2503
2504
2505
2506
2507
2508
2509
2510
2511
2512
2513
2514
2515
2516
2517
2518
2519
2520
2521
2522
2523
2524
2525
2526
2527
2528
2529
2530
2531
2532
2533
2534
2535
2536
2537
2538
2539
2540
2541
2542
2543
2544
2545
2546
2547
2548
2549
2550
2551
2552
2553
2554
2555
2556
2557
2558
2559
2560
2561
2562
2563
2564
2565
2566
2567
2568
2569
2570
2571
2572
2573
2574
2575
2576
2577
2578
2579
2580
2581
2582
2583
2584
2585
2586
2587
2588
2589
2590
2591
2592
2593
2594
2595
2596
2597
2598
2599
2600
2601
2602
2603
2604
2605
2606
2607
2608
2609
2610
2611
2612
2613
2614
2615
2616
2617
2618
2619
2620
2621
2622
2623
2624
2625
2626
2627
2628
2629
2630
2631
2632
2633
2634
2635
2636
2637
2638
2639
2640
2641
2642
2643
2644
2645
2646
2647
2648
2649
2650
2651
2652
2653
2654
2655
2656
2657
2658
2659
2660
2661
2662
2663
2664
2665
2666
2667
2668
2669
2670
2671
2672
2673
2674
2675
2676
2677
2678
2679
2680
2681
2682
2683
2684
2685
2686
2687
2688
2689
2690
2691
2692
2693
2694
2695
2696
2697
2698
2699
2700
2701
2702
2703
2704
2705
2706
2707
2708
2709
2710
2711
2712
2713
2714
2715
2716
2717
2718
2719
2720
2721
2722
2723
2724
2725
2726
2727
2728
2729
2730
2731
2732
2733
2734
2735
2736
2737
2738
2739
2740
2741
2742
2743
2744
2745
2746
2747
2748
2749
2750
2751
2752
2753
2754
2755
2756
2757
2758
2759
2760
2761
2762
2763
2764
2765
2766
2767
2768
2769
2770
2771
2772
2773
2774
2775
2776
2777
2778
2779
2780
2781
2782
2783
2784
2785
2786
2787
2788
2789
2790
2791
2792
2793
2794
2795
2796
2797
2798
2799
2800
2801
2802
2803
2804
2805
2806
2807
2808
2809
2810
2811
2812
2813
2814
2815
2816
2817
2818
2819
2820
2821
2822
2823
2824
2825
2826
2827
2828
2829
2830
2831
2832
2833
2834
2835
2836
2837
2838
2839
2840
2841
2842
2843
2844
2845
2846
2847
2848
2849
2850
2851
2852
2853
2854
2855
2856
2857
2858
2859
2860
2861
2862
2863
2864
2865
2866
2867
2868
2869
2870
2871
2872
2873
2874
2875
2876
2877
2878
2879
2880
2881
2882
2883
2884
2885
2886
2887
2888
2889
2890
2891
2892
2893
2894
2895
2896
2897
2898
2899
2900
2901
2902
2903
2904
2905
2906
2907
2908
2909
2910
2911
2912
2913
2914
2915
2916
2917
2918
2919
2920
2921
2922
2923
2924
2925
2926
2927
2928
2929
2930
2931
2932
2933
2934
2935
2936
2937
2938
2939
2940
2941
2942
2943
2944
2945
2946
2947
2948
2949
2950
2951
2952
2953
2954
2955
2956
2957
2958
2959
2960
2961
2962
2963
2964
2965
2966
2967
2968
2969
2970
2971
2972
2973
2974
2975
2976
2977
2978
2979
2980
2981
2982
2983
2984
2985
2986
2987
2988
2989
2990
2991
2992
2993
2994
2995
2996
2997
2998
2999
3000
3001
3002
3003
3004
3005
3006
3007
3008
3009
3010
3011
3012
3013
3014
3015
3016
3017
3018
3019
3020
3021
3022
3023
3024
3025
3026
3027
3028
3029
3030
3031
3032
3033
3034
3035
3036
3037
3038
3039
3040
3041
3042
3043
3044
3045
3046
3047
3048
3049
3050
3051
3052
3053
3054
3055
3056
3057
3058
3059
3060
3061
3062
3063
3064
3065
3066
3067
3068
3069
3070
3071
3072
3073
3074
3075
3076
3077
3078
3079
3080
3081
3082
3083
3084
3085
3086
3087
3088
3089
3090
3091
3092
3093
3094
3095
3096
3097
3098
3099
3100
3101
3102
3103
3104
3105
3106
3107
3108
3109
3110
3111
3112
3113
3114
3115
3116
3117
3118
3119
3120
3121
3122
3123
3124
3125
3126
3127
3128
3129
3130
3131
3132
3133
3134
3135
3136
3137
3138
3139
3140
3141
3142
3143
3144
3145
3146
3147
3148
3149
3150
3151
3152
3153
3154
3155
3156
3157
3158
3159
3160
3161
3162
3163
3164
3165
3166
3167
3168
3169
3170
3171
3172
3173
3174
3175
3176
3177
3178
3179
3180
3181
3182
3183
3184
3185
3186
3187
3188
3189
3190
3191
3192
3193
3194
3195
3196
3197
3198
3199
3200
3201
3202
3203
3204
3205
3206
3207
3208
3209
3210
3211
3212
3213
3214
3215
3216
3217
3218
3219
3220
3221
3222
3223
3224
3225
3226
3227
3228
3229
3230
3231
3232
3233
3234
3235
3236
3237
3238
3239
3240
3241
3242
3243
3244
3245
3246
3247
3248
3249
3250
3251
3252
3253
3254
3255
3256
3257
3258
3259
3260
3261
3262
3263
3264
3265
3266
3267
3268
3269
3270
3271
3272
3273
3274
3275
3276
3277
3278
3279
3280
3281
3282
3283
3284
3285
3286
3287
3288
3289
3290
3291
3292
3293
3294
3295
3296
3297
3298
3299
3300
3301
3302
3303
3304
3305
3306
3307
3308
3309
3310
3311
3312
3313
3314
3315
3316
3317
3318
3319
3320
3321
3322
3323
3324
3325
3326
3327
3328
3329
3330
3331
3332
3333
3334
3335
3336
3337
3338
3339
3340
3341
3342
3343
3344
3345
3346
3347
3348
3349
3350
3351
3352
3353
3354
3355
3356
3357
3358
3359
3360
3361
3362
3363
3364
3365
3366
3367
3368
3369
3370
3371
3372
3373
3374
3375
3376
3377
3378
3379
3380
3381
3382
3383
3384
3385
3386
3387
3388
3389
3390
3391
3392
3393
3394
3395
3396
3397
3398
3399
3400
3401
3402
3403
3404
3405
3406
3407
3408
3409
3410
3411
3412
3413
3414
3415
3416
3417
3418
3419
3420
3421
3422
3423
3424
3425
3426
3427
3428
3429
3430
3431
3432
3433
3434
3435
3436
3437
3438
3439
3440
3441
3442
3443
3444
3445
3446
3447
3448
3449
3450
3451
3452
3453
3454
3455
3456
3457
3458
3459
3460
3461
3462
3463
3464
3465
3466
3467
3468
3469
3470
3471
3472
3473
3474
3475
3476
3477
3478
3479
3480
3481
3482
3483
3484
3485
3486
3487
3488
3489
3490
3491
3492
3493
3494
3495
3496
3497
3498
3499
3500
3501
3502
3503
3504
3505
3506
3507
3508
3509
3510
3511
3512
3513
3514
3515
3516
3517
3518
3519
3520
3521
3522
3523
3524
3525
3526
3527
3528
3529
3530
3531
3532
3533
3534
3535
3536
3537
3538
3539
3540
3541
3542
3543
3544
3545
3546
3547
3548
3549
3550
3551
3552
3553
3554
3555
3556
3557
3558
3559
3560
3561
3562
3563
3564
3565
3566
3567
3568
3569
3570
3571
3572
3573
3574
3575
3576
3577
3578
3579
3580
3581
3582
3583
3584
3585
3586
3587
3588
3589
3590
3591
3592
3593
3594
3595
3596
3597
3598
3599
3600
3601
3602
3603
3604
3605
3606
3607
3608
3609
3610
3611
3612
3613
3614
3615
3616
3617
3618
3619
3620
3621
3622
3623
3624
3625
3626
3627
3628
3629
3630
3631
3632
3633
3634
3635
3636
3637
3638
3639
3640
3641
3642
3643
3644
3645
3646
3647
3648
3649
3650
3651
3652
3653
3654
3655
3656
3657
3658
3659
3660
3661
3662
3663
3664
3665
3666
3667
3668
3669
3670
3671
3672
3673
3674
3675
3676
3677
3678
3679
3680
3681
3682
3683
3684
3685
3686
3687
3688
3689
3690
3691
3692
3693
3694
3695
3696
3697
3698
3699
3700
3701
3702
3703
3704
3705
3706
3707
3708
3709
3710
3711
3712
3713
3714
3715
3716
3717
3718
3719
3720
3721
3722
3723
3724
3725
3726
3727
3728
3729
3730
3731
3732
3733
3734
3735
3736
3737
3738
3739
3740
3741
3742
3743
3744
3745
3746
3747
3748
3749
3750
3751
3752
3753
3754
3755
3756
3757
3758
3759
3760
3761
3762
3763
3764
3765
3766
3767
3768
3769
3770
3771
3772
3773
3774
3775
3776
3777
3778
3779
3780
3781
3782
3783
3784
3785
3786
3787
3788
3789
3790
3791
3792
3793
3794
3795
3796
3797
3798
3799
3800
3801
3802
3803
3804
3805
3806
3807
3808
3809
3810
3811
3812
3813
3814
3815
3816
3817
3818
3819
3820
3821
3822
3823
3824
3825
3826
3827
3828
3829
3830
3831
3832
3833
3834
3835
3836
3837
3838
3839
3840
3841
3842
3843
3844
3845
3846
3847
3848
3849
3850
3851
3852
3853
3854
3855
3856
3857
3858
3859
3860
3861
3862
3863
3864
3865
3866
3867
3868
3869
3870
3871
3872
3873
3874
3875
3876
3877
3878
3879
3880
3881
3882
3883
3884
3885
3886
3887
3888
3889
3890
3891
3892
3893
3894
3895
3896
3897
3898
3899
3900
3901
3902
3903
3904
3905
3906
3907
3908
3909
3910
3911
3912
3913
3914
3915
3916
3917
3918
3919
3920
3921
3922
3923
3924
3925
3926
3927
3928
3929
3930
3931
3932
3933
3934
3935
3936
3937
3938
3939
3940
3941
3942
3943
3944
3945
3946
3947
3948
3949
3950
3951
3952
3953
3954
3955
3956
3957
3958
3959
3960
3961
3962
3963
3964
3965
3966
3967
3968
3969
3970
3971
3972
3973
3974
3975
3976
3977
3978
3979
3980
3981
3982
3983
3984
3985
3986
3987
3988
3989
3990
3991
3992
3993
3994
3995
3996
3997
3998
3999
4000
4001
4002
4003
4004
4005
4006
4007
4008
4009
4010
4011
4012
4013
4014
4015
4016
4017
4018
4019
4020
4021
4022
4023
4024
4025
4026
4027
4028
4029
4030
4031
4032
4033
4034
4035
4036
4037
4038
4039
4040
4041
4042
4043
4044
4045
4046
4047
4048
4049
4050
4051
4052
4053
4054
4055
4056
4057
4058
4059
4060
4061
4062
4063
4064
4065
4066
4067
4068
4069
4070
4071
4072
4073
4074
4075
4076
4077
4078
4079
4080
4081
4082
4083
4084
4085
4086
4087
4088
4089
4090
4091
4092
4093
4094
4095
4096
4097
4098
4099
4100
4101
4102
4103
4104
4105
4106
4107
4108
4109
4110
4111
4112
4113
4114
4115
4116
4117
4118
4119
4120
4121
4122
4123
4124
4125
4126
4127
4128
4129
4130
4131
4132
4133
4134
4135
4136
4137
4138
4139
4140
4141
4142
4143
4144
4145
4146
4147
4148
4149
4150
4151
4152
4153
4154
4155
4156
4157
4158
4159
4160
4161
4162
4163
4164
4165
4166
4167
4168
4169
4170
4171
4172
4173
4174
4175
4176
4177
4178
4179
4180
4181
4182
4183
4184
4185
4186
4187
4188
4189
4190
4191
4192
4193
4194
4195
4196
4197
4198
4199
4200
4201
4202
4203
4204
4205
4206
4207
4208
4209
4210
4211
4212
4213
4214
4215
4216
4217
4218
4219
4220
4221
4222
4223
4224
4225
4226
4227
4228
4229
4230
4231
4232
4233
4234
4235
4236
4237
4238
4239
4240
4241
4242
4243
4244
4245
4246
4247
4248
4249
4250
4251
4252
4253
4254
4255
4256
4257
4258
4259
4260
4261
4262
4263
4264
4265
4266
4267
4268
4269
4270
4271
4272
4273
4274
4275
4276
4277
4278
4279
4280
4281
4282
4283
4284
4285
4286
4287
4288
4289
4290
4291
4292
4293
4294
4295
4296
4297
4298
4299
4300
4301
4302
4303
4304
4305
4306
4307
4308
4309
4310
4311
4312
4313
4314
4315
4316
4317
4318
4319
4320
4321
4322
4323
4324
4325
4326
4327
4328
4329
4330
4331
4332
4333
4334
4335
4336
4337
4338
4339
4340
4341
4342
4343
4344
4345
4346
4347
4348
4349
4350
4351
4352
4353
4354
4355
4356
4357
4358
4359
4360
4361
4362
4363
4364
4365
4366
4367
4368
4369
4370
4371
4372
4373
4374
4375
4376
4377
4378
4379
4380
4381
4382
4383
4384
4385
4386
4387
4388
4389
4390
4391
4392
4393
4394
4395
4396
4397
4398
4399
4400
4401
4402
4403
4404
4405
4406
4407
4408
4409
4410
4411
4412
4413
4414
4415
4416
4417
4418
4419
4420
4421
4422
4423
4424
4425
4426
4427
4428
4429
4430
4431
4432
4433
4434
4435
4436
4437
4438
4439
4440
4441
4442
4443
4444
4445
4446
4447
4448
4449
4450
4451
4452
4453
4454
4455
4456
4457
4458
4459
4460
4461
4462
4463
4464
4465
4466
4467
4468
4469
4470
4471
4472
4473
4474
4475
4476
4477
4478
4479
4480
4481
4482
4483
4484
4485
4486
4487
4488
4489
4490
4491
4492
4493
4494
4495
4496
4497
4498
4499
4500
4501
4502
4503
4504
4505
4506
4507
4508
4509
4510
4511
4512
4513
4514
4515
4516
4517
4518
4519
4520
4521
4522
4523
4524
4525
4526
4527
4528
4529
4530
4531
4532
4533
4534
4535
4536
4537
4538
4539
4540
4541
4542
4543
4544
4545
4546
4547
4548
4549
4550
4551
4552
4553
4554
4555
4556
4557
4558
4559
4560
4561
4562
4563
4564
4565
4566
4567
4568
4569
4570
4571
4572
4573
4574
4575
4576
4577
4578
4579
4580
4581
4582
4583
4584
4585
4586
4587
4588
4589
4590
4591
4592
4593
4594
4595
4596
4597
4598
4599
4600
4601
4602
4603
4604
4605
4606
4607
4608
4609
4610
4611
4612
4613
4614
4615
4616
4617
4618
4619
4620
4621
4622
4623
4624
4625
4626
4627
4628
4629
4630
4631
4632
4633
4634
4635
4636
4637
4638
4639
4640
4641
4642
4643
4644
4645
4646
4647
4648
4649
4650
4651
4652
4653
4654
4655
4656
4657
4658
4659
4660
4661
4662
4663
4664
4665
4666
4667
4668
4669
4670
4671
4672
4673
4674
4675
4676
4677
4678
4679
4680
4681
4682
4683
4684
4685
4686
4687
4688
4689
4690
4691
4692
4693
4694
4695
4696
4697
4698
4699
4700
4701
4702
4703
4704
4705
4706
4707
4708
4709
4710
4711
4712
4713
4714
4715
4716
4717
4718
4719
4720
4721
4722
4723
4724
4725
4726
4727
4728
4729
4730
4731
4732
4733
4734
4735
4736
4737
4738
4739
4740
4741
4742
4743
4744
4745
4746
4747
4748
4749
4750
4751
4752
4753
4754
4755
4756
4757
4758
4759
4760
4761
4762
4763
4764
4765
4766
4767
4768
4769
4770
4771
4772
4773
4774
4775
4776
4777
4778
4779
4780
4781
4782
4783
4784
4785
4786
4787
4788
4789
4790
4791
4792
4793
4794
4795
4796
4797
4798
4799
4800
4801
4802
4803
4804
4805
4806
4807
4808
4809
4810
4811
4812
4813
4814
4815
4816
4817
4818
4819
4820
4821
4822
4823
4824
4825
4826
4827
4828
4829
4830
4831
4832
4833
4834
4835
4836
4837
4838
4839
4840
4841
4842
4843
4844
4845
4846
4847
4848
4849
4850
4851
4852
4853
4854
4855
4856
4857
4858
4859
4860
4861
4862
4863
4864
4865
4866
4867
4868
4869
4870
4871
4872
4873
4874
4875
4876
4877
4878
4879
4880
4881
4882
4883
4884
4885
4886
4887
4888
4889
4890
4891
4892
4893
4894
4895
4896
4897
4898
4899
4900
4901
4902
4903
4904
4905
4906
4907
4908
4909
4910
4911
4912
4913
4914
4915
4916
4917
4918
4919
4920
4921
4922
4923
4924
4925
4926
4927
4928
4929
4930
4931
4932
4933
4934
4935
4936
4937
4938
4939
4940
4941
4942
4943
4944
4945
4946
4947
4948
4949
4950
4951
4952
4953
4954
4955
4956
4957
4958
4959
4960
4961
4962
4963
4964
4965
4966
4967
4968
4969
4970
4971
4972
4973
4974
4975
4976
4977
4978
4979
4980
4981
4982
4983
4984
4985
4986
4987
4988
4989
4990
4991
4992
4993
4994
4995
4996
4997
4998
4999
5000
7023
4483
2381
4974
4087
4974
2924
8800
9045
9210
7475
8342
5390
4682
6811
6856
7459
6694
7367
2464
2364
832
3766
5683
1203
5479
4684
4559
9458
6872
3777
2308
7522
2236
7132
2399
1792
6748
5370
8101
2435
7022
2547
3565
4447
6686
4096
4041
524
8863
2557
4282
5407
9701
9557
7420
882
5670
3518
9900
4695
3144
953
4690
6606
4601
5340
7504
7187
3852
5851
9783
8837
6881
7894
5035
1629
5314
3699
4159
2600
4992
2549
3298
5184
2634
9784
5021
4018
7146
7563
8122
4206
5547
636
9112
9793
4303
2
6609
5382
8279
257
2442
5229
8668
7939
3365
7412
7204
8716
9300
2977
7457
2341
5032
8171
2013
2705
4066
8481
3842
8175
6946
8468
9090
5864
1960
8183
2769
8662
7311
2700
2008
8574
8338
2360
9917
4448
6338
7657
63
4176
8662
8318
6966
9003
3022
7625
3744
7502
6424
1487
8065
4069
1604
8060
194
1007
5714
7276
4968
608
6254
2503
6562
3153
3404
1204
1214
6077
1601
2526
4966
2588
3912
6938
1599
4099
225
4921
9819
8721
9943
6752
6843
1729
9756
8734
9355
6153
8117
5371
5916
1896
9661
9416
6358
7364
4812
7002
6686
1187
8423
5772
7104
4255
6759
542
5139
4483
4532
4463
7564
5570
5065
608
3234
7266
9839
4943
8666
8069
1372
4678
5016
418
8820
9426
4231
1744
8884
3689
7753
7969
5021
3030
6286
8627
4731
5845
2253
5804
626
4682
6512
1738
2537
2421
7606
1436
7283
9691
6966
2101
3544
8872
9538
1016
8817
1253
8065
4336
5439
3661
8462
6603
5410
1417
9731
8986
2563
4906
7375
6012
6582
9636
3332
6230
9284
1167
5328
5626
1287
4474
4689
4798
3658
9099
1246
1490
3959
1003
7596
5426
7042
8040
3088
1755
9000
9212
2524
3957
8024
4854
5073
2074
7110
9116
1815
3880
8924
2046
2520
4079
4126
606
5837
4173
8312
2899
2310
7928
2537
8442
3996
2695
1532
3331
8425
8112
4568
7557
9789
73
6743
2614
5983
368
1652
9248
1089
5737
3890
6747
9843
2948
1444
4419
895
6527
2585
3689
8278
5395
6286
749
1081
5682
592
3191
523
9398
9183
1562
7726
7174
4319
8633
75
6120
1691
6671
3347
5519
5060
2295
7994
4301
2076
7153
1118
6654
413
42
7828
9587
7286
5221
2821
5448
7485
2064
239
7189
5742
5033
6331
6982
3879
4792
896
3247
3343
2317
65
8276
736
8664
1799
5254
2333
7028
4247
6247
4045
5811
6840
6136
1997
368
5959
4348
4147
4021
8398
9685
2970
6836
4059
4183
4874
7265
7485
5813
5821
9264
449
529
7493
181
7361
6902
8413
6620
8834
8382
175
8797
2196
1604
1465
7242
5253
207
514
7830
5560
5465
1101
1766
3873
3383
4489
8915
6659
8957
2880
8915
4489
5482
7013
1060
3331
6252
4129
6144
101
4234
9876
468
1598
7865
2538
8939
2899
4887
3452
4792
8395
5918
6099
3396
6692
315
1501
7867
8854
1072
753
4675
4776
5345
2364
4496
5710
517
7483
411
2863
6286
8273
1587
4910
2011
6679
7998
8274
5626
5826
2501
97
5593
8237
8781
6455
6765
6827
3031
6488
6452
2829
1372
2742
9959
4333
9075
9373
8091
5973
79
473
2783
7350
5880
1384
3730
4894
9604
7659
9480
7075
93
4763
9450
1663
1303
92
5285
7532
2662
1563
5272
4646
6543
9467
6242
333
3850
1896
8065
6187
6357
3473
2622
5204
3129
1909
7683
3641
8134
6760
907
711
9776
5168
8376
8693
3174
5772
7373
985
3747
975
2318
9811
5192
8274
4204
7858
3796
9238
7442
2977
1721
9521
7774
8102
1846
3498
6260
904
1659
7015
8497
8710
8232
6016
7308
504
2711
8723
6916
375
9518
5298
6037
6618
7125
9501
1947
3378
4394
8504
7567
2456
6442
2419
196
2829
7689
7832
4922
6861
8618
4123
7431
2234
8456
2608
4488
3927
4439
3646
2266
1605
8686
8598
778
3772
9296
4470
8918
270
7189
8649
1561
9435
9160
5604
2546
6177
6031
4935
6886
2243
1654
9828
6239
710
9410
7016
8651
3652
9400
5604
2687
470
1871
4754
984
5511
3871
1402
9528
8467
6042
9208
1937
7732
4030
8734
8648
5975
7225
5060
1306
3544
9019
1174
487
2670
9986
4972
8247
7862
3767
8043
7922
3674
7497
2007
5988
9612
1575
4323
544
5608
7710
6960
8687
2637
3617
5951
9435
3
2848
8412
692
8561
567
6045
7135
684
7359
7524
5015
465
8099
8918
1884
8689
165
8087
6291
1911
7341
7709
2719
178
2178
359
6740
9489
398
7248
6895
5003
9974
8494
3592
9746
9718
4807
10000
1295
1664
315
1238
5990
5556
7550
7262
1112
9393
1689
9767
838
6521
5361
1563
9974
5613
6355
1537
8307
1152
5192
6476
6138
1689
8512
6955
1144
3804
1161
3925
7601
9177
9709
8365
8457
3343
3840
232
3977
5366
6772
9435
8130
3124
2597
6940
2377
9683
1973
4849
5001
409
1301
4698
8213
2003
8636
6891
6382
1614
3121
6898
2697
7510
3720
3663
2554
657
4072
7494
602
5238
4678
4942
1545
2599
5820
3044
9449
5683
1147
3646
9290
3973
956
3019
5265
6727
9702
3842
6413
4173
8756
2192
4217
5989
4918
6650
2807
9206
3711
1337
9131
6140
3129
5574
8607
5173
975
7363
3287
3478
1075
5359
8402
5456
2990
3157
4136
9878
9870
8753
6311
8294
5758
9794
5929
3187
7116
265
4767
8817
1644
4250
3009
7190
5620
9413
7859
4543
2650
3747
2867
3313
9747
1640
8828
2322
9223
5334
740
9778
8687
8809
8695
4442
9520
7669
2889
3791
2541
632
8500
314
1169
4787
5402
9128
1312
3259
1720
9655
953
1196
9119
8259
8229
6950
1259
4550
1458
4733
3639
6092
1073
735
8764
3085
590
264
3362
2745
7699
5987
3928
310
9794
3354
2857
4235
6978
992
2114
464
7092
8738
3718
3069
564
3916
1226
8693
2387
6147
8703
5750
2341
4163
7778
3200
8280
7468
3456
5069
87
5915
7267
3279
3412
7629
4353
7895
4676
1241
6957
2304
6184
1306
4715
4436
4908
4896
5108
5412
5103
6182
1403
7481
3543
6713
4612
6507
197
6070
8251
881
8716
1116
9866
591
4953
7430
4459
6607
4085
1576
189
8847
356
274
6866
9530
1699
2286
187
4550
9962
2471
1264
994
2889
3079
3293
5866
3763
4009
5740
4872
2601
9020
9551
1817
3716
6697
2977
4253
1998
5076
1065
31
6063
8490
4600
6902
3599
5834
3808
8987
88
2270
4312
5611
8726
6224
7524
8650
7322
6699
6441
2237
7894
9444
4175
6606
1342
1532
2857
4945
7833
824
4167
6882
7928
75
3471
5587
7238
3605
108
5702
7562
2245
685
6298
3639
9022
6364
9659
3764
7600
8180
3304
199
1611
6595
4039
1835
719
2077
1224
8667
1961
6193
9473
7600
2431
4257
7766
8112
7893
2360
7994
840
430
9654
1283
1122
9279
7928
2334
1635
3779
9588
9815
9785
9711
8468
6734
6821
3409
7321
5459
3346
8166
8724
2576
9713
5550
6051
940
4494
9865
5476
5446
1193
1040
6769
583
3657
5865
4227
3763
692
9494
4436
1543
3812
6927
4950
2527
9691
340
3341
6032
6157
9008
9614
6339
2516
3241
7574
8313
5727
5325
6677
7331
4357
6056
1535
9135
7319
8217
8847
4009
1942
4364
3458
2720
567
3121
1937
3363
8781
3854
5324
7100
6258
3802
7908
3516
9663
3578
7527
9678
5834
951
3152
8761
6429
5504
6264
5706
1361
5990
489
4411
8620
573
8700
3618
8168
1716
1395
2312
4843
6520
3230
982
1878
669
5434
212
3519
2235
2239
6987
7377
5711
5452
7239
8260
2663
2868
9160
9720
853
1571
8970
8212
8882
7700
1033
9719
5248
9833
5270
1172
4474
3211
4638
838
3673
7025
2823
5744
7734
1103
8240
5499
3584
7024
2899
5677
7097
4490
9907
1229
9697
6274
2979
3673
7114
7054
6608
3705
3013
2549
9304
3623
8190
9106
5294
7331
3162
2296
4721
4099
4453
3257
8420
864
6124
6209
1876
8088
4285
9793
8499
2173
1743
7188
9486
1644
363
4668
2393
1833
2785
1980
5768
5009
1041
8437
7612
5145
6919
4826
5822
8175
3869
5720
115
5074
321
5884
2728
1452
4604
6233
991
8405
1983
1231
9230
1247
1609
6765
1797
7114
2572
2069
9626
3863
2662
4641
840
1881
9326
8108
3633
7745
7415
2324
398
8470
2371
3178
6896
7691
1223
2534
5891
6934
1030
7865
6070
6420
3661
4541
5979
5471
2114
4744
5837
8234
9458
2914
7377
3290
7787
6512
1465
2465
8162
5203
1195
4645
1011
1995
299
419
6072
3375
5267
5685
7421
8113
3235
8671
7106
5233
1397
1434
8898
2168
380
9580
6059
6036
4652
6993
9416
1981
5119
8327
3243
4171
9819
7851
8788
884
1758
1395
228
61
3070
7266
6304
8413
2869
553
4872
5571
4286
8622
3935
6311
4801
7160
1487
8506
6634
2408
9935
2220
5372
3879
9641
8583
6099
739
1771
4513
2394
8512
8652
3177
1710
8773
8928
2006
1916
1080
3345
796
8474
2241
3992
4548
4076
8882
6212
3080
7
3044
8869
9345
9736
3367
7951
7732
5226
1223
3939
7666
6832
3433
4493
612
7308
766
283
6261
660
1519
499
9009
2828
9940
1309
294
7538
74
2087
5404
3884
6803
4859
9857
6692
4325
2719
3964
3990
1753
1736
8375
9982
9711
839
3597
4878
4999
3532
2788
3126
305
4947
4801
2592
3895
9355
6964
6030
7930
5039
2772
2683
7812
1147
7831
661
2322
2581
6754
6609
5651
4929
5119
4624
5370
8282
888
673
2061
3481
1368
3983
4484
8427
3928
221
4966
4886
626
9084
1749
8075
5295
505
2992
9756
689
6074
1051
7374
7490
4898
567
6152
6617
9658
7823
8824
9253
2826
6369
1167
5471
479
4763
2978
4507
6494
831
5003
3210
1715
1518
1753
5435
7123
7216
985
4678
5561
2052
6623
4844
7641
8042
820
5445
9299
4723
5278
2638
6394
5566
2955
8693
3630
2210
6406
759
6645
9427
7481
325
2281
3844
237
738
3599
4240
5680
6694
1023
6665
1182
1486
5502
9729
2095
748
9722
2672
3478
2410
4289
2111
5306
7713
6527
272
2856
547
6265
6309
1918
6101
6004
873
593
9397
292
4094
1517
2094
2106
3773
367
6952
3122
5549
4218
7294
4708
3560
8098
8325
9676
7192
5531
8935
7113
6924
9865
5824
1298
7507
3323
6604
6574
4429
8918
31
1841
3926
6836
6785
7962
1276
7121
1837
2936
8371
3309
8152
1029
9262
2372
6924
9114
5546
827
2801
6973
5205
1664
4866
1983
1916
5881
3621
7571
2512
3246
8240
4814
5254
6998
4447
3335
6202
591
7254
5921
2805
4735
6645
9213
5791
1619
7212
9724
671
8162
7651
6434
3806
4416
3296
2454
2600
3970
339
3074
126
8226
11
7779
1072
1803
3853
873
8260
909
8720
6618
5761
2132
4868
1972
2366
1415
2414
6455
1687
3682
9366
3847
7769
6251
9737
3332
1547
3043
7961
9700
6679
9235
3741
3485
4246
5773
2371
6607
6844
2631
3910
6328
8774
4144
163
4839
4662
9598
5176
3063
2151
7398
9846
4929
2073
6660
6639
2179
9175
7621
5125
1636
7308
7891
642
1746
7603
5780
5785
9494
1299
2988
6133
8560
4503
2762
4956
6530
7344
5703
7169
3248
5689
7826
5190
4346
1196
2054
999
882
5652
3317
85
7684
5220
9745
9844
2019
1306
2650
6151
7376
9063
6350
6761
9629
6276
5087
7963
3616
8881
8002
8328
7432
5019
4731
6215
7080
7457
5239
1259
9253
4977
4516
8812
340
5627
3013
1733
601
1778
4300
6637
1310
5558
9469
4601
2538
2163
3404
619
6018
4805
8253
4339
592
9592
5675
3521
9848
8566
2455
761
3069
7311
5312
4481
19
1727
6029
8527
9348
3009
2486
2530
9773
8175
1319
4661
9538
157
5355
6652
2031
5360
724
7043
7567
6518
7341
9498
323
9773
7528
9025
850
452
2463
4118
5901
7465
6317
5350
7171
9676
9931
1590
1988
2569
5657
5067
934
4036
6408
6646
6945
9939
5097
8389
4400
4366
129
7143
6196
2171
4060
1127
2118
4744
9237
9864
9030
3969
1368
7676
2305
9386
6143
7093
2484
3810
2163
4415
4172
1198
1204
9484
7880
5741
9179
8208
8742
8292
2484
675
6032
2030
8667
3324
1966
7378
489
3183
4742
4171
6703
6175
9456
3114
9575
2374
5814
4388
611
489
9380
1243
8174
5259
9794
7706
2555
9682
6162
6776
8215
125
7427
400
7396
9546
8508
9018
667
5706
8116
1195
3960
2990
842
7979
5864
3198
8675
5588
9051
9567
1436
4603
6077
2973
306
6617
4640
1884
8042
3010
7149
1741
7045
3796
5506
2814
3883
3571
3701
4654
4045
7798
7484
8812
4942
3380
180
7499
1741
4803
6022
3779
5627
4044
7250
9392
4048
6264
297
6250
6091
8595
645
5093
3476
5808
1577
8129
6055
388
5016
8264
7219
7257
963
4319
7624
1244
7828
2094
8026
7988
3487
8282
9005
7798
1948
8161
4997
3019
6146
5110
9127
8046
9925
9330
5893
5953
3716
1082
1421
4255
3315
7381
8977
3300
7755
2533
1356
5717
7091
6083
2524
6395
434
1982
1910
2719
3712
9053
1356
6041
5552
5793
3426
5301
650
918
3435
7805
942
4034
2775
7745
2948
550
5245
1257
2652
2376
987
7120
2306
5558
1573
432
9001
8147
6370
2812
3495
38
1953
2881
5961
9079
7048
923
5735
6513
4055
3467
4737
4675
3440
2722
7708
8367
613
6531
1778
393
3454
5926
3728
6580
9056
9453
338
1156
2880
6089
2276
1751
5397
5031
5647
5530
6026
6972
1333
5795
8746
1860
8494
3811
4344
8329
3961
9002
1797
9235
1576
9833
1809
2304
5525
558
94
2301
2171
4112
6526
4044
8892
7265
7436
3511
8231
3756
2680
7638
1781
1772
4573
5274
4942
8519
9312
4405
785
9245
5522
3088
9309
4536
6779
4230
7
7043
2257
1030
7998
3207
6030
3008
3858
6998
7459
8501
374
1551
3264
1881
9115
9
8955
9424
6166
1788
4983
4262
9498
9606
259
6496
8840
728
2926
7735
7121
5956
8438
4183
9761
9618
2638
6685
5190
3261
9527
2632
2116
7436
8802
6719
7220
8670
6148
5134
9196
7138
4423
1412
9198
6366
2380
4823
3271
9054
9302
7483
4606
2366
2530
4196
3010
7313
2779
6890
3527
1174
7631
5256
2499
500
1363
5867
1991
6184
9638
8879
2209
764
139
7928
5929
9819
1602
551
3232
2231
7769
1249
6246
2131
4452
8330
3267
1785
2986
6017
2623
8751
9940
729
1570
1993
7512
9143
5585
8383
4302
851
2966
5975
5427
8304
3002
6889
6123
923
5914
6735
1047
8851
5227
5621
7991
8989
2974
3579
4061
2441
6715
6837
7649
7882
365
9155
9707
8885
899
6541
6105
2356
6292
3190
6359
2551
3613
5125
2756
7425
3230
6580
5578
6064
3936
8667
998
7663
7322
3328
9757
32
824
5468
891
8559
5110
8636
590
7796
4284
6511
5986
7660
8588
3432
6387
2569
6452
8174
5004
967
6370
6662
8779
6051
8187
4481
7239
1890
9734
3643
4132
8845
6710
2505
347
6910
4713
4385
425
5520
6270
805
8737
6603
5988
7776
1279
382
4325
8232
2841
8762
6013
6658
914
6338
7406
6149
6134
3534
6976
4341
9444
6322
2726
4824
4027
6579
6125
9867
1350
2781
4977
2994
885
9241
8661
2465
3770
3962
3187
4237
5811
2086
1751
296
4751
8683
3860
4956
1532
155
4615
8620
9365
1774
8110
738
5619
9489
5208
620
6941
3530
3035
2611
8462
5498
8744
3321
7935
5138
2072
7616
4992
5869
5685
1540
7829
5410
7802
1224
7915
8233
7425
9434
9846
250
1623
3223
1018
486
5012
5604
6629
9407
1030
2936
812
5394
82
1839
111
9498
4616
6983
4502
4035
5187
6330
4057
6284
328
8164
9868
4795
155
7956
2371
8436
1867
2507
2468
501
8318
1115
6607
1274
3296
6589
9353
1789
2892
4176
4556
8307
4163
1665
7639
8997
6112
1781
8379
5597
629
4647
99
1877
899
6365
2682
2675
1627
3405
7376
451
5091
151
8376
4995
9159
5335
676
7386
6798
4404
1634
2273
1530
9352
1191
7765
9874
268
5821
8680
7444
4721
2755
2113
7787
2338
12
9758
801
8428
7786
5986
2649
8942
2039
6311
5132
6173
4123
3958
7036
7649
207
3154
4401
281
9331
817
2542
6510
8267
917
7760
4546
132
9203
1085
2339
5988
6417
284
6657
1325
6171
5450
5868
1614
4642
4861
4885
1326
8415
4034
654
9166
4051
8173
1111
1157
393
7391
7964
4951
481
3695
6907
5664
6263
4953
2003
3917
5465
4490
6554
360
2278
4246
6933
9759
4873
5603
5766
3833
5864
2441
7848
3850
9524
9652
3475
1565
3287
8106
803
1496
6459
7223
5438
5918
7335
2179
4074
9693
9456
8825
4463
9445
6275
5402
1792
8294
7773
7091
8427
214
3396
1204
2629
2714
2710
4752
4624
7134
2099
3968
4744
9454
5628
2992
2445
6142
3047
829
2012
940
4088
2913
2403
2005
1204
3443
4350
585
5019
1320
5457
1526
2252
7641
1476
7941
3657
2783
5605
145
7193
8693
546
5600
9229
5445
8678
6885
191
8765
4871
7034
372
7534
5404
2137
2470
7089
6022
8180
1678
4972
4790
7631
6104
7261
9918
4099
2671
9380
1970
7091
1552
9581
3477
420
7098
7709
3308
1006
8536
4309
6724
5811
8287
5476
6765
7887
2718
3557
8231
9817
4851
5412
6743
3045
576
1273
6
6993
804
6825
7298
4102
752
8112
7324
2556
5922
9551
8041
9827
8537
8104
3042
6553
2508
4721
7987
1226
1353
6102
4106
9162
392
5612
5575
2703
4821
6527
5153
268
1127
7711
1439
1236
8271
4592
5421
4462
6010
6176
5313
7905
3329
983
7618
6732
5651
2117
9066
2861
4344
4665
6432
8676
6567
8898
1144
1386
9127
1704
7267
2393
6624
2918
5738
9541
6198
5799
4581
4593
7788
1856
4681
7283
663
1421
4341
5909
3193
5428
3648
3815
4375
1551
3736
3376
3793
229
4930
7082
5725
3341
7133
978
2354
8799
8237
4019
779
2380
2709
4881
5536
625
8899
9099
2000
9772
1718
3217
7623
2729
9077
8673
3303
5551
5456
4994
8296
5324
2931
8988
2410
456
7173
3975
7457
3378
8133
758
685
8034
1222
3535
1241
1370
3638
2382
6486
1138
4242
900
6547
3258
7291
617
7343
3415
2168
9887
5042
4751
9417
1563
2681
8107
3908
5672
6895
3713
2854
5388
5957
2406
9374
1996
8669
698
1295
4436
5461
6118
3746
3561
1664
6100
2502
4932
4642
5962
865
7076
4221
5112
9192
5907
2978
4503
8266
914
2115
914
1982
8106
2120
9654
9824
2715
6840
5155
2524
9000
5492
7983
4991
3109
4556
1120
9985
5509
6299
10000
5125
4781
6228
2800
8180
3768
3743
45
4617
3960
5866
7289
405
826
9076
9778
8281
4984
8933
7226
5015
4411
4492
2832
8075
2298
965
1572
3742
9694
6638
4225
8399
4252
2993
5729
6000
6870
8924
8821
4728
350
4322
1021
2271
134
462
6157
5839
8295
1757
8756
6173
6960
3901
2741
219
5054
7328
4230
2875
8667
454
738
3242
2589
9960
2503
5562
3683
77
8270
1351
6346
3943
1397
5437
6466
4721
3586
6850
587
7811
8315
943
7139
7275
3499
837
9371
68
6352
6331
9838
89
1928
7205
3268
3370
292
7170
2556
319
916
6543
2913
3408
4629
1364
4377
7397
4328
7150
2593
4919
2831
2705
3817
4978
2899
5360
9685
2482
666
7070
4715
8062
1297
1685
7843
3724
4889
4778
824
8685
5275
4931
2045
141
8175
227
6409
8393
3491
4823
9387
3143
2619
1251
9666
3138
5924
6599
5988
8528
7624
5690
3162
6743
351
1756
5792
5377
4619
4837
2610
3884
227
9225
4487
445
2155
7676
5775
9442
9437
5839
7287
6887
2780
7422
5003
9743
6275
4169
1759
5
9330
7500
8090
4507
4466
3334
1178
5344
6217
6691
3136
7758
4206
7924
9372
6310
7976
9039
171
6734
3942
788
1237
5137
1205
6098
2945
3263
4295
9851
4338
9590
4813
2510
7108
1995
1338
1856
8252
5724
7652
3634
2383
7730
2806
1641
1295
4132
9925
807
7673
233
1528
7976
3213
3028
9441
2067
900
2353
3109
5550
7717
6031
4366
6878
4299
7242
7028
3890
1397
5904
9728
8707
6669
6884
9972
3939
8910
6745
3460
6858
5428
7328
766
7042
9767
6903
7404
6666
5749
7584
2832
7670
6009
4463
8255
9546
3762
7075
4750
5004
4360
9271
848
9029
9813
8712
5750
9396
1212
545
1597
1424
7002
5724
7437
6665
3947
4019
437
8645
5463
722
6893
3601
5748
3083
2062
8281
2096
3339
7657
6140
5148
8469
1422
556
1928
9415
7149
8601
930
1765
3650
9015
1761
3730
2714
9902
7085
6177
8906
7015
1947
4112
9709
7755
3080
5162
2479
2868
3054
8077
5989
8051
8270
5765
269
9863
5116
3320
5054
658
1221
3560
6125
6095
9824
7070
3804
8619
8778
227
9327
7858
368
7177
3712
9278
1979
8696
3040
4934
8107
7332
345
5940
2461
9798
6077
8116
6059
2341
8112
9429
5444
8287
167
2630
3618
5829
613
233
100
5312
4417
8421
8663
8082
7324
7411
9535
8018
221
2881
9999
8670
3552
1997
3307
3178
5971
1996
2430
6558
702
5799
5053
3549
6017
6670
3492
7526
8203
3768
8001
6826
4114
5222
6309
4077
8814
1078
112
7766
5923
2211
9183
3729
5217
2029
9401
388
68
8117
1372
3820
9732
2515
2277
9884
4541
6101
2888
2252
5143
9188
9079
5901
5614
8989
613
4316
3460
5834
4345
454
6449
872
900
7307
6807
9910
7445
5544
3747
1425
1028
7471
3767
7129
4929
5190
4263
3166
9660
9160
2897
7151
7579
3243
679
6858
5872
2056
5622
4471
2170
2378
7309
9173
7214
4694
3503
5261
1000
4900
5674
433
6638
5026
8820
3825
8181
9071
6926
8350
3009
6882
7734
2742
1876
7014
2233
8045
3187
7936
1531
2311
726
8700
2109
8682
9394
776
4976
2796
6033
5028
3923
2317
4399
5793
7425
1190
1561
7486
7690
7074
774
544
9655
8195
5468
1067
1880
168
7902
627
4172
2569
1862
834
5392
3793
1973
6283
1856
8790
9751
7579
8366
8673
1998
2102
9325
4808
3216
9448
1090
307
5491
248
7277
8756
3487
2645
8574
577
958
3647
3697
3421
3981
6572
1460
6681
6636
3163
1104
8701
9104
2326
6775
5991
1484
8752
5653
5387
3443
1697
4050
7704
7681
5837
4230
2204
9908
8255
4823
816
7071
1272
9498
7152
1443
7518
2699
9907
2192
8753
6661
7526
7733
5040
8594
9705
4371
3596
618
8
4649
2533
361
5911
343
4918
8122
2743
8962
3913
7475
5090
3117
2762
7488
8136
7595
1040
9931
7237
2499
6363
3543
1818
5455
6275
740
6221
8090
909
4491
1253
8322
9842
9894
3412
7077
4908
6923
6342
4733
9279
1253
1597
1153
2772
7349
1639
54
4222
6063
9986
2938
6240
3581
362
6071
5711
4539
1556
6915
7961
8471
3253
1915
8833
4195
1918
3314
971
3308
5896
6224
3497
8204
2569
2439
4294
5694
3772
969
5959
4125
9514
8523
1182
32
6657
428
8073
9373
3808
8781
1664
661
2394
3957
3527
6809
7376
9524
2212
8785
3431
6227
5076
8745
1282
1684
5922
9792
8936
484
2939
2703
5232
8453
7901
6401
544
3761
2880
6085
3897
6845
8012
2917
8916
8345
3137
7498
7173
1914
8457
8541
4906
9145
4996
7847
4273
7878
2186
2857
402
2803
3653
2135
9870
992
5769
8987
7393
7040
3673
9676
442
4671
8426
8971
5356
9368
6513
2233
6083
9511
4151
8261
2863
9271
3291
9832
9341
3223
3589
6996
7111
3948
7926
1283
2644
5464
2798
5712
4196
5725
8681
4901
6740
1134
2023
2610
4404
9946
7680
145
6258
3589
7014
2552
2371
5385
1738
1518
1150
2455
5261
3693
393
3988
4513
7954
6692
6083
8665
6525
186
6770
2289
5047
9669
5675
3564
1828
604
6170
6746
8879
9243
5261
7074
2982
7805
3870
9048
2703
1821
1369
724
9177
1310
6556
9909
864
3726
6671
8203
2532
5052
4767
2816
4869
1610
3245
3517
8223
3968
8335
4102
721
6565
4202
8621
9961
3204
9705
529
202
230
775
5810
2929
1880
4698
7327
7576
7758
6891
2683
3239
9210
5530
1572
4184
2156
3659
9157
6286
3398
7624
153
5791
1244
5221
6234
9576
534
939
4771
575
8653
620
6435
1689
3784
1509
4295
1841
496
9098
7555
6252
7311
6343
5337
9140
3169
4171
958
3950
34
8363
4182
1827
3586
1402
4946
1725
6022
2780
2946
5782
8430
3347
7536
5136
3726
9527
920
8646
4754
8612
2218
6348
5799
1603
8187
4446
1958
1553
9815
4838
2043
2429
4220
7643
8236
3037
6388
6897
2637
8698
9037
4092
3724
2263
3736
1275
4866
1939
5132
6228
5619
5278
7150
8887
3757
2999
8263
393
7935
7135
4572
7187
1233
5737
9276
4069
9393
4749
1947
8
638
2544
6308
6410
5775
3618
9207
5550
7991
9825
9608
1113
3963
5271
491
2084
4281
4020
5267
5143
5211
1191
1233
9062
444
4846
3846
4660
678
1874
5072
626
2332
3634
8019
1279
9416
7936
6247
6695
4018
1696
8944
9199
1203
7384
5443
4781
5193
4076
9720
3180
84
4409
8296
5472
4863
6476
7477
2236
1050
7150
9110
3672
6938
5939
9207
9000
5291
3257
6320
9091
9184
4969
1086
3239
1549
6199
3070
3510
6800
3320
3706
8353
1165
9834
8051
9570
155
6572
5481
8082
3705
2850
4757
4418
4076
8747
273
2590
507
960
5015
8934
9344
8654
3552
4347
7017
2220
1394
9575
2598
3203
957
5020
2556
2645
6876
8840
2570
1725
5591
9985
2566
9015
2696
3790
2916
8528
3498
6713
9501
8576
279
2096
1915
5055
3969
3598
9843
3965
7909
740
8478
2518
9604
511
5696
9929
654
2134
3549
1022
2182
856
6869
4457
4804
3488
1608
6450
4880
1682
102
527
9972
8837
7977
10000
1462
4712
4431
4013
5614
7480
4227
2176
4518
9389
7471
2686
7288
3326
7806
4152
5100
3262
4579
317
3739
8474
7500
2487
3353
2271
6024
9729
5357
8865
5340
6441
8540
169
2799
9927
2340
8296
6391
3916
8276
7475
6560
1233
4025
9673
5936
6466
8623
2141
4600
4885
2115
1378
5699
483
7938
34
7495
9487
2487
2108
1077
8979
1088
6575
3523
2229
4029
6150
6817
8910
3846
8568
6400
9071
2944
7174
6001
1663
5015
607
5777
7651
4831
3311
4834
7658
5287
5984
976
1070
427
9232
6492
7487
378
4660
7338
6385
6477
5736
7112
1266
4699
870
3253
3345
6627
8390
1941
482
8908
9914
2069
8148
9570
7879
3747
3224
5870
7984
1992
5664
9237
5015
2661
7417
3466
6317
302
8519
9007
3378
8445
6056
2799
2137
8397
314
9716
824
3537
5671
2339
5645
4902
6403
4182
5014
9324
1996
2105
1286
8832
5609
9990
3882
1648
1287
4820
3278
8940
6613
5358
1577
8419
5405
5100
4484
9912
3911
2406
6938
9182
2884
6306
7830
5613
2789
231
3364
1723
7773
5917
794
9862
369
8381
6072
5544
7175
7708
9468
2368
8855
7102
778
7871
8137
4013
9047
6463
5580
5537
2333
4275
3082
4955
8437
2382
8989
6678
7456
819
5484
1595
8719
6479
5308
7741
135
6829
647
167
163
4055
369
5543
1827
9864
3428
5498
1073
8057
5011
2492
9553
7969
2122
2705
728
5037
5411
8775
7648
3565
8386
2143
2615
6733
3941
2961
8647
8879
6934
9485
9011
4697
603
9763
580
2546
1666
7652
1933
7022
3917
9299
6728
8983
2031
4186
7663
4173
6186
3244
3144
7899
4198
361
1470
2860
6045
2403
2981
2926
202
2647
3399
9895
8969
946
1472
4734
8474
5183
6485
8193
9960
1822
6588
9794
8131
9958
2234
3241
67
147
9071
3209
5234
5879
6316
2486
8017
1809
6927
4310
6525
1962
9632
6501
3897
7503
4538
4070
2646
539
4534
5556
1152
3256
5822
192
1046
1648
8304
6121
3294
1953
2886
1559
5183
3196
1679
2624
9877
4143
5166
7496
5354
3513
2782
7803
9470
9029
7593
6594
7481
2216
3570
8571
576
7915
4129
5091
4602
1617
5592
2895
3963
1940
6972
7511
4330
8862
9501
403
9431
7197
6648
7910
2145
8617
734
8700
238
7492
213
7475
2941
7647
8051
8433
6575
3976
4975
9983
9418
52
3873
3502
6561
9297
492
7504
9948
6298
4464
8474
860
5570
8748
8226
240
9305
7227
1075
3874
8146
8444
3249
9970
9297
5
7011
7690
7885
3313
3930
226
9453
3236
4059
6949
8480
7370
3768
9549
7392
7926
4498
8234
2004
2817
2591
9538
8944
5234
8562
4328
7257
1324
248
5415
5682
1209
7888
3283
6428
8552
5137
8575
8352
3781
9163
2363
3907
6758
753
8934
2156
7
4796
7983
9140
5649
8551
6889
4055
5370
2787
1111
5622
9561
68
7163
5478
7912
9927
2898
6007
9363
7634
1279
8918
8500
5508
3582
7722
8979
4207
4846
1124
6218
1622
6878
627
1371
8878
4068
7211
4107
5676
6581
4796
1509
3980
2786
5030
4001
5223
5057
166
6610
1413
5096
9295
9158
36
555
7416
6638
9478
4112
2188
803
6427
4049
4598
8251
7928
4270
5385
1447
9058
2756
9245
223
9027
6906
3751
3819
246
9775
6353
172
713
8267
2119
2647
4193
7550
42
2000
9676
3524
8517
3430
164
9317
3544
5227
4033
6290
1402
9879
3539
2680
5543
9510
3603
6074
1313
6692
1976
9944
5081
2554
5200
7768
5376
5151
4005
6373
3095
9212
7830
8639
6267
6166
3166
7180
7343
2604
7820
5485
6092
5312
2113
8204
7098
8101
4206
3248
7719
8293
9631
7150
7438
299
9656
5069
335
9267
7004
8056
3331
5857
9288
8539
1773
3602
34
7807
738
1369
3744
4872
4841
6783
6643
5539
4831
4583
4623
5860
7974
4283
4933
1925
4645
3264
7644
